Tower sampling points:
-2.209742 0.219962 -0.477173
3.016779 0.219962 -0.477173
1.329925 -0.481253 -5.852173
-2.136962 0.041330 0.000000
-3.774243 2.832675 -7.517700
3.580708 0.933068 -0.657593
-3.629626 -2.534477 -7.624512
4.092464 3.078724 -7.643677
-0.146222 1.240547 -9.772339
1.590940 3.327421 -4.008423
4.021014 -2.408775 -7.705200
0.637419 -0.372913 -2.243774
-2.004890 0.201392 -6.396606
3.385905 -1.432877 -3.539307
-3.860095 0.142662 -8.709351
3.829957 0.408548 -8.547607
1.346496 -0.598323 -8.518677
-0.344986 0.915072 -4.417725
1.360775 -2.954157 -4.140381
3.151865 1.477360 -3.129883
0.141184 1.125398 -7.333252
0.352648 0.739760 -0.312378
2.937989 0.960754 -6.570679
-0.346094 -0.806286 -9.647461
2.956110 -1.000145 -0.656372
-3.730074 0.966599 -6.857910
-0.247982 -0.717334 -7.015015
1.303629 1.515115 -3.587158
1.059023 -0.579910 -4.041748
-4.017683 -0.798846 -7.161133
-0.844060 -0.339528 -1.207764
3.894318 -0.704633 -7.134521
1.934096 0.564504 -1.044678
-0.273896 -0.576949 -5.311279
3.385399 -0.092715 -1.990479
-2.148542 1.555610 -0.688599
0.641632 1.082646 -5.755859
1.396541 1.029524 -8.306274
2.347110 -0.414537 -7.072998
-0.293483 -0.255201 -3.450195
4.112349 1.627436 -7.255371
-0.838224 1.075202 -5.947388
-0.257637 0.804270 -2.277954
2.631383 2.330614 -4.170776
1.543110 1.099056 -6.866333
0.666055 0.140281 -9.553223
-0.513951 -0.408175 -8.330566
2.440896 -2.132474 -4.276855
-1.062040 0.717368 -0.451538
-2.651172 -0.571894 -7.239258
1.050494 -0.612974 -7.172119
0.876363 -0.297035 -0.921753
1.150754 0.760936 -4.622192
-0.876798 0.391558 -7.064819
1.071961 -1.794038 -3.783691
-2.214816 -0.971524 -0.679688
0.770110 0.717927 -1.590698
0.172535 1.281422 -8.599365
0.696053 0.478327 -3.472900
1.036483 1.334612 -9.560303
3.776292 0.479463 -7.348145
-1.129329 -0.494945 -6.100708
-2.614136 0.995654 -7.111084
1.467677 -0.657669 -9.680542
2.045979 0.579052 -5.983887
2.858356 0.115392 -0.408569
-1.557635 -0.604869 -7.079468
3.492384 -0.991720 -2.557007
-3.444392 1.767249 -7.498169
-0.079511 -0.217075 -0.473267
-0.193772 0.525755 -1.225220
0.716457 -0.474775 -5.012329
0.362332 -0.624471 -8.830078
0.302723 0.082165 -5.849365
0.348785 0.152593 -7.076660
-0.369416 -0.356534 -2.425781
1.359232 0.224979 -7.657959
-3.855783 0.461293 -7.744751
-3.123296 0.174776 -6.721313
1.792975 -0.247352 -0.473145
3.219290 -0.119143 -6.698975
-3.460475 -1.609422 -7.236816
1.168768 2.482611 -3.709595
0.332630 -0.680155 -7.839478
0.694368 0.862856 -2.571411
-1.633505 1.011117 -7.060669
3.330864 0.776984 -1.574097
-0.131983 0.948430 -3.371338
0.102454 -0.430791 -4.293945
0.050400 -0.361178 -1.494141
3.644100 -1.550383 -7.448364
-0.008656 0.892012 -6.441284
-1.747721 0.130668 -0.839478
2.316316 0.662182 -7.193604
1.027087 -0.373384 -3.072388
1.252963 0.713820 -0.451538
3.523492 -0.610838 -1.255127
1.283100 0.299407 -6.382324
-2.489596 0.735349 -0.523438
0.577417 -0.773058 -9.681641
3.032977 1.630978 -0.695679
2.119706 -0.328140 -6.222778
1.437615 0.168711 -8.938477
0.643919 -0.529348 -6.409424
-3.794462 -0.368160 -8.023315
3.702652 2.350274 -7.378784
1.199464 0.152576 -5.282349
-1.627858 0.971697 -6.231689
0.175541 0.991062 -5.051758
3.713249 -0.165528 -7.980347
-3.957783 0.010300 -7.074341
2.547601 -0.297804 -1.032837
0.925708 0.938665 -7.414429
3.588999 -0.204709 -0.532715
-0.872401 -0.057989 -0.355225
-0.689628 1.171955 -6.751587
1.423327 1.089563 -5.910767
-1.040932 0.314028 -6.057617
0.380860 0.888333 -4.096069
0.746838 1.067518 -6.654419
-1.045142 0.465059 -1.201294
1.411982 -1.059077 -3.526245
-0.139284 -0.452462 -6.217041
1.633601 -0.049903 -6.983643
-0.074792 -0.080811 -9.609863
0.447609 -0.425910 -3.598267
-2.096175 0.066517 -7.143433
-2.405200 -0.434878 -6.535400
1.380584 0.125355 -1.289429
2.337560 0.693401 -0.429565
1.475307 0.137350 -9.683350
1.140859 0.154226 -4.188599
-3.361161 -0.460740 -7.026001
-0.289634 1.087877 -8.050903
0.242547 -0.121594 -2.818970
3.192021 0.245000 -1.057861
2.973812 1.811788 -3.771240
-0.129745 1.047852 -5.719116
2.184608 2.942240 -4.210571
-2.375271 0.993452 -6.431396
-0.344591 0.672554 -0.481323
3.028072 -1.742299 -4.074951
-2.451010 -0.315258 -0.531128
-0.359284 0.034647 -4.962158
3.570919 0.974504 -6.881836
0.069467 0.617953 -9.522949
-1.781713 0.722911 -0.467651
1.545658 -2.277360 -3.957275
0.468054 0.208677 -1.177368
-0.907102 -0.497681 -6.866455
-0.418146 -0.635924 -8.977417
1.218897 -0.575746 -7.841675
0.917177 -0.334695 -1.606812
-4.008985 1.474475 -7.226929
1.041762 0.292508 -2.417847
1.145299 0.042745 -0.385864
2.245331 0.945344 -6.515991
-1.777479 -0.448439 -6.289062
-0.444644 0.275042 -6.353271
0.399013 -0.511828 -7.057495
-0.428933 -0.510877 -7.678467
-3.952681 -1.955169 -7.571167
0.667311 -0.458129 -5.726807
0.797778 1.184617 -8.788208
2.940833 0.989534 -0.512573
0.955045 -0.567106 -9.109863
0.484622 0.117140 -0.509644
1.270246 0.745357 -1.106812
-0.587877 -0.183018 -5.827148
2.633417 0.020867 -6.422852
1.273517 -0.356617 -6.538574
-3.929350 2.194629 -7.440063
3.537725 0.638820 -8.020508
3.933932 -0.070225 -7.024902
-3.888575 -0.497196 -8.718384
1.600334 2.058660 -3.917114
-3.098479 0.909502 -6.704224
0.137046 0.589512 -1.828613
1.180297 0.885345 -3.454956
1.308223 0.523513 -6.971436
-3.343602 2.375728 -7.628174
0.431097 1.271731 -9.405396
-0.321158 1.269650 -9.170166
-1.196093 0.005691 -6.630859
1.669623 0.034192 -5.973022
-3.500091 0.413033 -7.192993
3.252257 0.455149 -6.998047
0.678367 0.682434 -0.840576
0.973169 1.306548 -7.951294
0.313097 1.127154 -7.929810
3.415726 0.372048 -0.436768
0.866632 0.712927 -9.578369
2.200918 0.138328 -0.692871
1.864101 0.286544 -6.539917
1.676749 -0.346078 -1.052612
4.154135 -1.862176 -7.468750
-2.369866 0.525109 -6.795654
0.231119 0.109199 -3.468750
3.847283 -0.179322 -8.609741
0.371283 0.855894 -3.066162
-3.998440 -1.407136 -7.350464
0.713824 0.505251 -5.822998
-1.415213 -0.299108 -1.054810
-0.411151 -0.419138 -4.015747
0.286825 -0.303244 -0.962524
3.362779 -0.662719 -1.870483
1.368507 0.800444 -7.766846
3.542255 1.528030 -7.191284
1.389863 0.450405 -8.317627
-0.140009 0.746020 -6.997925
-0.552785 0.243704 -0.871338
2.931458 -0.447422 -0.503784
4.255871 2.460660 -7.438721
2.909053 -0.358712 -7.111816
-1.407438 -0.166203 -0.498169
0.109528 -0.627428 -9.333740
0.082911 -0.445627 -4.897339
1.636342 2.778122 -3.901489
3.220356 1.301220 -2.604492
-0.672610 -0.312534 -6.362183
0.719982 0.957142 -4.956177
1.058875 -0.263223 -9.560913
-1.080387 0.976398 -7.091064
1.010543 0.292885 -1.847778
-2.290115 0.221762 -0.507568
0.742378 0.536999 -7.081665
1.081685 -0.446164 -4.574951
-2.926197 -0.371961 -6.699463
0.090938 -0.488968 -5.712646
-0.553569 -0.300665 -0.738159
-3.729149 0.549828 -8.364502
1.801764 0.594681 -0.497192
2.031782 -2.483907 -4.180908
-1.803888 0.647156 -6.688477
2.149285 0.127459 -7.023193
-1.142131 0.970596 -6.480347
-3.726817 -0.378673 -7.482666
-4.036856 0.617901 -7.256836
-0.036141 -0.663722 -8.463501
0.806099 -0.553910 -8.515137
1.173897 0.208544 -4.745483
0.168168 0.601645 -5.773682
3.472388 -1.220194 -3.052246
1.509804 0.166290 -0.762207
-2.140739 -0.539691 -6.992065
0.954149 0.231920 -0.937744
3.244415 1.041568 -1.117676
1.113289 -0.141828 -3.740723
-0.318948 0.720197 -3.921387
1.457555 -0.309386 -9.211548
2.763799 0.512182 -6.793823
1.237613 0.575939 -5.844971
0.164387 0.537659 -0.837769
4.072909 -1.285246 -7.292603
-0.211091 -0.203267 -1.946655
0.938229 -1.282327 -3.514771
0.975804 1.995716 -3.712646
1.791861 -0.406067 -6.623169
1.760120 0.978661 -6.323486
-1.793380 -0.217138 -6.772949
-1.936288 -0.193727 -0.478149
0.324079 0.752202 -1.324219
1.515492 -1.612287 -3.977783
1.186088 -0.444438 -5.358032
0.140237 0.821361 -2.602539
-0.572506 0.126228 -1.370483
-0.317321 -0.287431 -4.551392
1.179618 -0.601264 -3.522827
2.038166 1.056224 -6.986694
0.827264 0.706794 -2.098267
-3.576145 -1.045714 -7.224487
-0.155382 -0.437227 -2.880737
1.813182 0.523957 -7.031250
-2.125771 0.862995 -7.088745
2.636722 1.007413 -7.009277
3.693557 -2.045241 -7.564087
3.561024 -1.039445 -7.305054
0.603950 -0.453300 -4.209961
0.842726 0.871447 -3.902100
-0.629978 0.766313 -1.251831
1.110961 0.473654 -3.749390
0.785840 -0.587480 -7.597412
3.379248 0.403538 -1.958374
3.431004 -0.639291 -0.768066
1.038054 -0.296116 -2.526611
0.155705 -0.351745 -2.354736
2.486950 -0.232784 -0.527344
1.061047 0.738670 -2.878052
0.310439 0.841595 -3.610840
-1.327272 -0.498967 -6.550781
-3.011446 -0.104795 -7.108521
1.367591 -0.287489 -7.355591
3.946868 1.189361 -7.109619
-3.467141 -2.107522 -7.449463
-3.616552 1.199821 -7.325073
0.066197 -0.508036 -6.701782
0.596234 1.135778 -7.116089
-0.072200 0.270291 -0.479614
0.773688 0.962339 -4.374268
-0.278238 0.725245 -2.967773
-1.448760 0.499897 -0.942261
3.443886 -0.253219 -7.102295
-0.627785 0.815156 -7.099243
1.422426 0.935781 -8.776367
1.240559 0.033438 -5.744141
1.473985 -0.547997 -6.950806
1.333732 -0.276098 -0.686646
-0.306411 1.044610 -7.476440
-2.500192 -0.159168 -7.028809
-0.683382 0.626121 -5.907471
0.491378 -0.387150 -3.123413
-0.757599 -0.094196 -7.064819
-0.452042 0.660194 -6.627563
0.749644 -0.271173 -0.467651
-1.483136 0.358528 -0.474365
2.852658 0.092693 -6.989502
0.328692 -0.309122 -1.894165
0.869575 0.441709 -0.464478
-1.345472 0.588660 -7.113037
-3.085490 0.594421 -7.052490
-0.960786 -0.069558 -0.841553
1.077046 -2.303415 -3.967285
1.289044 -0.336315 -1.315552
-0.409423 -0.361262 -1.408569
-0.001958 -0.151905 -7.030151
-0.557538 -0.390695 -9.650269
-2.246387 1.162751 -0.458008
3.051249 0.531083 -0.719482
2.391523 -0.323906 -6.620483
-1.239732 -0.117755 -7.074585
0.169863 0.935713 -4.504883
0.525606 -0.274521 -1.369385
-0.476545 1.037642 -6.363037
0.135643 -0.598148 -7.425415
0.363775 -0.480452 -5.305298
0.677254 -0.072123 -3.419067
-0.711708 0.659456 -0.765015
-0.159798 -0.221649 -1.019287
-0.419403 -0.607824 -5.843018
0.366825 1.016228 -6.213623
3.631477 -0.207085 -7.534790
0.226252 0.106474 -1.547363
3.251123 -0.366433 -1.522827
-3.467655 -0.020778 -7.041870
2.098877 -0.247365 -0.925171
1.707553 -0.479317 -6.099365
3.763688 1.894451 -7.352783
-0.093799 -0.562051 -7.973755
3.264991 0.833349 -2.024048
1.095537 0.044350 -3.215576
1.897387 -0.463634 -7.054565
0.866785 -0.470885 -6.794067
3.095188 0.869624 -7.017212
2.087330 0.112060 -6.180664
0.358400 -0.487650 -6.073853
0.687790 -0.183204 -2.770264
3.904989 2.683739 -7.582275
-1.244194 -0.073300 -6.017944
-0.644478 0.312065 -0.447510
1.220886 2.901562 -3.832397
-2.308990 0.038334 -6.667603
-0.224547 0.387468 -1.973267
0.733409 -0.057584 -7.085571
0.791604 0.902123 -3.253174
0.732051 0.008559 -5.810913
-1.864517 0.512582 -7.098755
0.149147 1.101199 -6.789673
0.326690 1.133258 -8.978271
-1.280182 0.665298 -6.144897
0.062250 0.509903 -3.482666
0.018834 -0.459532 -3.670166
0.347500 1.001661 -5.448242
1.343179 0.923707 -7.307983
3.842538 0.458981 -7.775879
3.918560 0.744944 -7.041260
2.816602 -0.285521 -6.670166
0.408216 0.792291 -2.136475
-0.485458 -0.341080 -6.843384
-3.788957 -0.445648 -7.045776
1.188209 0.495337 -1.444580
0.906946 0.860817 -6.008179
3.138774 0.527585 -6.589478
0.517089 1.143600 -7.535645
2.334317 0.587245 -0.842773
0.865093 -0.605602 -8.097168
0.068295 -0.367876 -3.258667
-1.855280 0.578374 -6.272583
4.170272 2.042583 -7.275269
3.150370 -0.094280 -0.624878
0.335090 -0.281439 -0.530884
1.019256 -0.030505 -2.113770
0.952889 1.101613 -8.408691
0.125544 -0.695210 -9.745728
0.938108 -0.578720 -6.020142
-0.281383 1.135152 -6.960083
-2.692084 1.031591 -6.704590
1.703036 -2.736484 -4.054932
-0.143955 0.210646 -0.929077
-2.849127 0.567158 -6.713867
1.057981 -0.672085 -9.496704
1.646730 0.472942 -6.003174
-0.235219 0.921786 -9.524780
1.350249 -0.612901 -8.931274
0.522849 -0.626377 -9.209839
2.656558 0.493215 -0.597168
0.254982 0.162054 -9.550049
0.841995 -0.227514 -5.417603
-0.906002 0.296401 -6.629883
-2.011275 0.479610 -0.705078
-3.379945 2.804706 -7.624268
-0.023581 0.910072 -4.132080
-3.704239 0.136088 -7.932983
-0.438773 -0.468955 -4.892578
1.420067 0.519890 -8.737671
0.197309 0.532798 -7.061646
3.684583 0.246587 -7.006104
0.050725 1.182105 -9.312622
1.328526 0.528855 -7.376465
2.103542 0.547831 -6.760010
-1.751675 -0.270170 -0.822144
0.930431 0.212468 -1.338623
3.459539 -0.741837 -2.246582
-1.897505 0.195823 -0.417969
1.481896 0.348691 -0.412231
2.625841 0.690540 -6.469482
1.365677 0.994094 -6.320068
0.831824 -0.474588 -3.669434
2.905346 -0.397894 -0.892700
2.183166 0.591125 -6.351807
-4.034440 1.023978 -7.098267
-0.401168 0.005907 -0.490967
1.437286 -1.940218 -3.779663
1.074222 0.574840 -0.794678
0.518739 0.427880 -1.524292
0.305437 -0.395547 -3.964111
-0.186241 1.233609 -8.457397
1.552036 -0.176874 -6.336792
-3.449735 0.850947 -7.099976
2.676831 -1.803308 -4.226074
2.945372 0.170025 -6.596191
-0.216286 -0.457915 -9.453613
-0.262313 0.618909 -0.857056
-1.949294 0.944533 -6.443359
-0.206021 0.210211 -1.455566
3.163019 0.664935 -1.113892
-3.858961 1.822041 -7.373291
-0.821526 0.020314 -6.238770
1.274949 0.642988 -6.550659
-1.709625 -0.036661 -6.351074
1.550721 2.413563 -3.787964
-2.172136 0.398990 -0.192871
-1.078623 0.669948 -0.860474
-1.228466 1.053272 -6.120972
-2.973492 -0.493339 -7.054565
0.942982 1.637976 -3.594971
2.393343 2.607870 -4.266480
-1.339076 0.924698 -6.820801
1.297046 -0.013118 -6.691040
-0.777958 -0.539490 -5.972900
1.376133 1.887615 -3.669067
0.083934 0.819818 -0.561768
1.391759 0.012869 -7.965576
0.697554 0.774812 -0.471191
0.216488 0.984596 -5.871826
3.321284 0.770077 -0.442383
3.250474 -0.105284 -1.175903
-0.429222 1.258452 -9.528076
-2.570890 0.624364 -7.117065
2.343577 0.819737 -6.856201
-0.903985 0.054791 -1.188477
3.086018 1.596086 -3.476929
1.347534 -2.604240 -4.013550
-3.388054 0.446993 -6.839478
-2.055613 0.330312 -6.751343
-0.040110 0.695223 -1.519897
0.946121 -0.886227 -3.565918
-0.158581 0.997907 -5.212280
1.861478 3.109582 -4.139893
-2.183771 -0.571499 -0.541626
1.458684 0.662936 -0.798828
0.603026 1.328974 -9.728149
-0.440831 -0.570076 -7.313477
-3.822155 -0.306033 -8.386475
3.329898 -0.456539 -0.455688
2.821921 2.038263 -4.050171
1.604170 0.401903 -1.060425
2.478947 0.160405 -0.453003
-0.290691 -0.529626 -6.543091
-0.699613 0.730706 -0.393433
3.230799 1.010174 -0.752075
3.263087 -1.555133 -3.864380
0.230309 0.177118 -0.832275
1.181881 0.763741 -4.986938
-0.482532 1.089546 -5.804810
-2.023512 -0.466637 -6.638672
0.925129 -0.177956 -1.277466
0.899426 0.871559 -7.057007
0.537798 0.479736 -9.523071
1.664890 0.041793 -1.078980
-3.627959 1.560243 -7.263672
0.555943 -0.069503 -0.896973
1.690909 0.837040 -6.665649
2.080608 1.010145 -6.159180
-1.219967 -0.478274 -7.057251
3.360852 0.088079 -6.958740
1.396695 -0.645791 -9.323608
1.425700 -0.599756 -7.548584
-3.837865 0.396413 -7.056274
3.569284 0.667694 -7.068970
-2.221271 0.480450 -6.457275
0.207050 -0.616364 -8.168579
2.159101 0.023177 -6.681274
-0.306090 -0.692554 -8.231079
-0.739688 0.854125 -6.543457
-1.425933 0.717869 -0.495972
-0.065453 -0.607168 -8.931030
-2.610166 -0.446763 -6.848633
1.367990 -1.475939 -3.683472
0.935461 -0.025140 -0.692017
-0.983973 -0.488145 -6.456787
0.414597 0.743620 -1.669556
2.144464 -0.133042 -0.471069
-0.036338 0.794070 -3.676270
-2.136251 0.723175 -0.479126
0.274397 -0.538282 -6.414185
-3.738566 2.467949 -7.559082
-0.183507 -0.275962 -5.776611
-1.491105 -0.282594 -6.158325
3.778075 0.448718 -8.201294
1.257505 0.072795 -6.093140
1.551321 0.761864 -7.059204
3.558139 -0.636630 -7.207764
1.102151 0.992702 -9.596680
2.100234 0.382010 -0.462646
-0.869679 0.349839 -0.726440
0.651268 0.734312 -1.203980
0.931004 -0.335440 -1.955566
-0.438559 -0.647170 -8.629639
-3.803494 0.484507 -8.745483
-3.959918 0.480218 -8.114502
0.173393 1.196814 -9.644165
0.448413 -0.505369 -7.562866
0.936208 0.904424 -6.413574
1.498219 -0.208842 -9.683594
3.256750 0.934361 -6.704102
1.278558 -0.325395 -6.185669
1.313543 -0.583891 -8.174072
0.756144 -0.652492 -8.842407
-2.328202 0.354230 -7.091309
-2.314080 0.923334 -6.761963
0.600310 0.095756 -1.496826
0.198733 0.380244 -1.342529
-0.027565 -0.338992 -5.324585
0.529773 -0.501663 -6.740601
-3.869368 -2.294473 -7.576782
-3.788380 0.000988 -7.371948
-3.687062 0.560423 -7.438477
0.971742 -0.455843 -6.347168
3.769169 -0.389891 -7.092163
1.060173 -0.131740 -2.823975
-0.473054 -0.659906 -9.360230
0.697336 0.837147 -3.596924
4.220623 2.793515 -7.493530
1.268555 -0.064009 -0.941528
-0.440985 -0.385472 -5.587402
1.116887 -0.338097 -6.987549
-3.480425 2.068105 -7.349731
0.232231 0.413989 -0.467651
-2.895272 0.873082 -6.972778
0.162101 0.026029 -0.483398
1.205840 -0.273929 -3.445801
1.034167 -0.333599 -5.795776
-0.186903 -0.139574 -1.577026
-0.477057 0.446655 -1.392090
-0.008235 0.748927 -6.017090
1.454857 -0.163351 -0.396118
-3.617594 -0.728491 -7.091309
1.225314 0.360556 -5.591919
3.544849 -0.636319 -1.585693
1.596193 0.732245 -1.168701
2.977732 1.306461 -0.657471
2.527762 0.979180 -6.341675
0.071083 0.832206 -2.257812
2.496678 0.006877 -0.758667
-2.081968 -0.294836 -0.756348
-1.829333 0.956991 -6.798218
-0.237132 -0.390890 -7.059082
-3.776043 0.726046 -7.088989
-1.038518 -0.378779 -0.946167
1.071735 -0.493619 -5.054688
-1.143109 0.205496 -7.021362
3.599399 1.206331 -7.184570
-2.889698 -0.048939 -6.678955
1.071613 1.292668 -3.536865
1.083922 0.615394 -3.301147
1.070941 -0.490757 -8.693115
0.097088 1.138405 -8.172607
3.225284 -0.509599 -1.175171
2.420336 -0.236647 -6.305176
0.876913 1.028508 -5.538818
0.573020 0.576022 -1.945312
-0.778460 1.099699 -7.062012
-0.595509 -0.627946 -6.945190
0.849440 -0.341868 -3.370972
-0.961283 -0.275835 -0.577271
2.119701 -0.402284 -6.777100
0.955354 1.286985 -9.251099
2.930615 0.654810 -0.446655
1.503707 0.761732 -5.982422
0.076431 -0.525857 -7.057983
1.456262 -0.183579 -5.846069
-0.292583 -0.080551 -3.721313
0.100636 -0.119191 -5.698975
1.071754 -0.259650 -0.472168
-1.813679 -0.064865 -7.061646
1.833203 0.202746 -7.033569
2.631007 -0.273995 -6.973633
-0.647052 -0.516789 -6.609253
0.637609 0.976898 -5.312012
0.680897 -0.563240 -7.202881
-1.833214 -0.418252 -7.020264
0.676231 1.073543 -6.076782
3.094030 0.331107 -0.472412
0.213294 0.003953 -1.243774
-3.190313 0.160805 -7.091553
0.555888 0.343678 -6.906738
3.599813 0.606605 -7.583008
-3.985514 -1.111897 -7.218018
1.191829 0.366094 -0.545654
0.411031 0.663699 -0.666260
1.177864 0.444650 -4.996826
-0.466362 -0.266388 -1.109253
-3.353927 -0.197528 -6.802490
-1.625400 0.067515 -0.522705
0.106249 -0.410994 -2.701172
3.240855 1.072861 -1.499023
-4.070491 -0.300170 -7.019775
-1.452916 0.912398 -6.512817
-0.033810 -0.467807 -4.577881
-4.061018 -0.162420 -7.318970
3.418435 0.045076 -0.439575
1.031286 -2.100809 -3.719482
-0.345138 -0.291359 -3.140991
0.613240 -0.330054 -1.691406
0.753221 -0.597072 -9.465088
1.052429 0.583580 -2.603516
3.629946 0.196855 -7.312744
-2.656280 -0.250086 -6.581665
-1.708337 0.621186 -0.811157
-0.508312 -0.475337 -6.149414
2.123980 0.438290 -7.058716
1.499343 3.058712 -3.869873
0.021110 1.007360 -7.060913
3.961408 -1.053021 -7.114380
0.975211 0.494386 -1.211060
1.073960 -0.700099 -8.404663
0.987882 -1.498515 -3.733765
1.018965 0.760483 -1.409912
1.285279 1.166763 -7.025269
1.346478 -0.120571 -7.615845
1.818558 0.264536 -6.188110
-3.538433 -1.292873 -7.405884
1.675007 0.048265 -0.441040
4.166858 -2.160837 -7.545044
0.838052 -0.359522 -4.406860
0.374939 -0.636885 -9.490356
-1.480189 -0.042561 -0.771240
3.384246 0.646136 -6.795654
0.448272 0.372299 -5.742676
2.180039 -2.212391 -4.135376
1.413527 -0.832557 -3.733398
1.195955 -0.590942 -6.720581
1.787191 -0.234462 -0.789551
-0.146957 0.025707 -0.685181
0.636645 -0.402701 -3.909912
-1.949377 -0.128090 -0.171509
-3.882663 -1.672788 -7.447021
4.106986 -1.583855 -7.346680
-0.606920 0.003759 -1.086670
2.781800 -0.174801 -0.464478
-0.804344 0.069025 -5.939209
2.161641 0.333028 -0.921997
-2.560457 0.739138 -6.697021
-0.239061 -0.330946 -0.748169
-0.889059 0.952468 -6.219360
-3.254779 2.524581 -7.380371
-2.226995 -0.112316 -0.468506
0.616759 -0.316915 -0.735474
3.151001 -0.264840 -6.953857
0.781967 -0.198518 -3.068726
2.064491 0.749675 -0.542236
1.755530 0.982594 -7.061279
1.214418 0.903934 -5.801147
-2.027355 -0.003775 -0.707397
-1.510259 -0.509752 -6.787964
-0.221146 -0.145410 -2.577881
1.704596 1.018446 -6.032471
0.117539 0.743587 -1.108643
-2.074579 -0.341436 -6.372681
0.835909 0.145256 -0.462158
0.291159 1.060754 -6.530640
1.204578 2.211682 -3.828125
-0.569656 0.553710 -1.004272
2.589415 0.925560 -6.725952
0.520342 0.153083 -3.533203
-0.133569 -0.436881 -2.113281
1.001288 -0.090348 -1.753296
1.681102 -0.134482 -6.668335
2.692507 0.693917 -7.016968
0.541137 1.310635 -8.876465
-0.031574 0.572883 -0.446411
3.240678 -0.358210 -0.723633
2.967854 -0.693738 -0.663452
1.777410 0.509367 -0.800049
0.518910 0.236158 -0.854614
1.553058 0.743144 -0.439575
0.179250 0.884168 -3.288696
1.318329 0.344628 -1.014648
0.665980 1.239893 -9.224731
0.561580 0.846339 -2.842773
-0.514456 1.193942 -6.117676
1.297861 0.317664 -6.674438
-0.006673 1.030933 -6.183350
0.046648 -0.267792 -0.740234
0.502734 0.885035 -3.827148
-0.125800 0.850637 -7.270874
-0.262598 -0.435569 -4.305176
-1.184038 0.529403 -6.876465
0.901855 -0.540087 -4.795898
-3.571136 0.689805 -6.883667
-1.930607 0.040105 -6.752808
1.417776 -0.353371 -8.319580
0.517704 0.875818 -3.349243
-0.633078 -0.180440 -0.484863
-2.455084 -0.095961 -6.437988
-0.126849 1.076146 -6.699829
1.155194 -0.658108 -4.305176
0.337609 -0.326099 -1.597778
1.437170 0.982024 -6.622437
-0.602542 -0.334330 -7.112671
3.637050 -0.046425 -7.040771
1.312129 0.266391 -7.102417
0.663459 -0.284965 -1.115967
0.356680 -0.476048 -5.593262
0.171374 -0.539126 -8.618896
3.424437 -1.233374 -3.335327
0.731381 -0.471967 -5.314575
1.001958 0.819077 -0.542969
-3.722116 -0.151819 -7.098511
0.076929 -0.136432 -3.089478
0.921510 -0.336200 -2.243774
1.973926 1.016033 -6.710571
2.853744 0.910097 -6.839478
2.432967 0.346539 -0.698975
0.800340 1.174332 -9.542358
-0.247281 -0.387791 -3.745483
2.374085 -0.249646 -0.789185
1.260178 2.641804 -3.944092
0.488383 0.538335 -1.075439
1.267652 -0.438010 -9.475708
3.361063 -0.268619 -1.767822
-1.692706 0.740192 -7.124268
0.210660 -0.381524 -2.963623
-0.120475 0.795717 -2.712036
0.027278 -0.108055 -3.367554
-1.140571 -0.071165 -0.482422
0.095805 -0.261359 -1.232666
3.085482 0.268089 -6.822266
0.678012 -0.322704 -2.523926
3.715306 -0.205819 -8.260254
0.035058 -0.533920 -6.010010
0.104658 -0.562885 -7.703980
2.685071 0.773410 -0.612671
-0.540391 -0.652307 -9.781738
-2.435884 -0.492875 -7.075928
1.443413 -0.275531 -7.014648
-2.319106 0.643907 -0.280640
0.505609 0.396538 -0.529663
-3.791398 1.350950 -7.099609
0.824210 -0.089704 -9.576660
2.116231 -0.411244 -6.497192
3.300499 0.739152 -0.744019
-0.372826 -0.583988 -7.975952
-0.095667 -0.396041 -2.469482
1.785898 0.361980 -6.805054
-0.305678 0.731668 -1.440674
1.524757 1.654901 -3.711060
-0.897450 0.721049 -1.186279
0.392777 0.836075 -2.485596
-3.345662 0.950840 -6.825806
-1.612529 -0.427289 -6.542358
0.070614 1.112523 -7.794067
0.587375 1.038601 -6.428467
2.719578 -0.315190 -0.695923
-0.129409 -0.733502 -9.427002
1.389160 0.674968 -8.154907
-0.195317 -0.171399 -2.221680
0.998566 0.501033 -1.665039
-3.573337 -0.406856 -7.215576
0.337689 0.364026 -3.491089
0.935880 -0.388444 -2.766968
-0.947326 1.087709 -6.843262
-0.332084 -0.363628 -5.124512
-1.329478 1.086767 -7.046265
-1.215458 -0.251931 -0.682251
0.188032 0.265688 -1.089966
0.300310 -0.370312 -5.048828
-3.829140 -0.599416 -7.270630
-1.048220 0.218245 -6.315552
0.246341 -0.630371 -9.079468
-3.034986 0.407292 -6.857300
1.456725 -0.350228 -6.743408
-0.230212 0.658888 -2.015869
3.671180 -1.286788 -7.351562
1.426405 -0.541496 -7.269409
-0.459667 -0.060682 -0.864502
3.560447 0.637543 -0.426147
-3.161619 -0.397628 -6.836060
-0.774564 0.286260 -1.254883
-2.232346 0.146862 -6.906494
0.700776 -0.493621 -6.145142
2.849899 0.519827 -6.535278
3.477738 -0.171809 -6.844482
-0.819312 0.381933 -5.914795
-0.144828 -0.455749 -9.142578
-0.375177 0.701722 -1.124756
-1.797649 0.314666 -0.645874
1.113697 -0.528210 -5.623779
-0.382534 0.472132 -0.662964
-0.959890 0.438980 -0.487183
0.290650 1.118884 -7.019531
-3.487190 -1.844008 -7.393066
1.167335 0.075767 -4.510376
-1.678692 -0.212850 -0.557007
3.182249 1.382866 -2.879028
0.534648 -0.387724 -2.857178
2.618617 -0.303050 -6.477783
-2.376114 0.788120 -7.024780
2.697253 -0.069594 -6.811768
3.347300 1.099355 -0.526855
3.377563 0.625787 -1.357178
-2.477125 -0.161390 -6.760742
1.876833 -0.271861 -6.112183
2.595065 0.677461 -0.356812
1.013734 -0.599681 -7.457520
1.417755 -0.278985 -1.045288
3.938865 -1.990049 -7.655273
-2.294202 -0.456021 -6.789795
-3.748309 0.556883 -7.969971
-1.155280 -0.173380 -1.070679
0.807243 -0.645853 -9.729126
3.833723 0.495856 -7.081665
-0.088691 -0.658976 -7.219971
-2.241608 0.081314 -6.411743
-2.839362 -0.253025 -6.920776
0.326725 -0.371689 -3.367920
0.437640 1.066200 -6.751587
-0.744994 -0.264224 -0.973877
0.642986 0.900624 -4.152466
1.214808 -0.882570 -3.566040
3.541558 -0.401227 -0.703247
1.724089 -0.519548 -6.863525
1.437040 -0.424000 -8.768677
1.560536 -0.138902 -0.636353
-0.849785 0.108650 -6.806030
2.272485 -0.094689 -6.953369
-0.418134 1.019277 -9.687378
1.364189 0.553745 -7.858398
-0.177741 -0.464881 -3.245850
0.802110 0.837685 -2.998535
0.294795 0.416686 -9.601685
-2.230771 0.938785 -0.595459
-3.437948 -1.360794 -7.155884
-2.196421 0.468351 -0.495483
-3.443607 -2.364529 -7.552490
3.870849 0.124409 -7.188477
-1.466264 -0.505584 -6.292725
1.012349 0.653724 -1.921265
-3.580896 -0.356346 -6.914917
0.748497 1.112130 -7.332031
2.240887 0.695194 -6.590942
-0.849183 0.167880 -0.540283
-3.165980 0.832876 -6.983032
3.249112 0.540497 -0.545898
1.146201 -0.070092 -4.055664
0.118100 -0.376841 -1.756348
0.208421 0.868354 -2.863281
1.111533 0.213233 -3.751831
-1.465260 -0.373641 -7.004883
1.132834 -0.581423 -3.792725
0.880576 -0.290451 -5.093018
-0.868805 0.362453 -1.025391
-0.139145 -0.409729 -1.807251
-1.908625 1.056616 -7.024048
-0.327100 -0.547475 -6.836182
1.374313 0.629696 -1.324707
-0.162159 -0.533200 -5.756470
3.863026 -2.240639 -7.572876
3.819170 0.983362 -6.954224
0.104144 0.482915 -1.560303
-0.165328 0.813554 -5.821777
1.226274 -0.520217 -9.137939
-3.809318 0.316946 -8.525757
-0.196559 0.466293 -1.487061
0.182522 0.964550 -4.795166
3.323079 -0.607756 -1.416870
-1.117487 -0.488536 -6.699707
-0.194207 -0.494858 -4.816772
-0.377255 -0.266281 -5.358276
1.041837 -0.419941 -1.398682
-1.217608 -0.266399 -6.547485
1.108383 -0.246196 -0.823242
3.094832 0.151973 -7.052246
-0.194181 1.199625 -9.444580
-1.416734 0.844296 -7.050903
1.043170 -0.344430 -9.318848
3.497556 -1.128656 -2.772705
-0.246462 0.550373 -2.246460
0.834942 0.485915 -0.787842
3.345812 -0.198791 -0.452637
0.668217 -0.475955 -6.963989
-0.938789 -0.342195 -5.973877
-1.695317 0.767167 -6.492432
3.332740 0.800996 -7.076050
0.765772 -0.641406 -7.844971
-1.945140 0.474093 -6.567505
3.687619 0.317614 -7.918579
-0.133474 -0.690478 -9.723022
0.358852 -0.535967 -7.322754
0.753101 -0.139216 -1.459473
0.080447 -0.327308 -6.230591
1.316986 -2.206810 -3.874512
0.122170 1.061517 -5.649780
0.880321 1.014875 -5.806274
0.423319 1.039150 -5.193237
-0.677375 0.583302 -7.011963
0.835493 1.136809 -7.035400
-0.516119 1.075187 -7.030640
3.700098 -1.796342 -7.442871
-1.355292 0.577064 -0.692627
-0.152898 0.902516 -4.579712
-1.212775 0.587491 -1.059326
0.875927 -0.418116 -5.593018
-4.080582 0.775795 -7.067383
-0.139361 -0.289454 -1.312744
1.226062 -0.242327 -5.664307
1.404678 1.054691 -8.057983
-4.029583 -0.528823 -7.139771
-0.563064 0.148342 -0.641113
1.385510 1.279753 -3.585815
0.281966 1.149881 -7.667480
1.429805 -1.236654 -3.714966
-1.584070 0.940736 -6.758179
0.152892 0.671715 -2.086060
0.580865 0.680456 -2.276367
0.814085 0.754745 -2.341187
-2.400407 0.646591 -6.499512
1.152830 0.342569 -4.537964
1.257390 -0.111592 -6.309204
0.162887 -0.067180 -1.011841
-0.057119 -0.324200 -3.476440
-0.868185 0.127078 -7.075195
1.336569 0.112101 -0.593872
2.161559 -0.085813 -6.309570
1.158158 -0.533077 -6.125488
-3.812114 1.087538 -7.185669
-0.037044 -0.629692 -8.204956
-3.591945 2.678407 -7.615723
-0.791302 -0.596633 -7.092163
0.305572 -0.426958 -2.109619
-1.042426 0.066154 -6.043945
1.421765 2.115120 -3.752563
4.014141 1.446656 -7.120117
-0.819833 0.887620 -6.779663
-0.057502 0.736590 -2.443481
-1.236758 -0.194529 -6.230957
-1.196537 -0.530295 -6.333740
0.283037 -0.520181 -6.815063
1.579822 0.856702 -6.435669
-3.768292 0.163676 -7.094971
0.640834 -0.317067 -2.005615
-2.075064 0.924340 -6.652100
1.231384 -0.559202 -7.016968
0.575120 -0.491706 -8.874268
2.272947 1.004489 -7.028564
-1.619246 0.340923 -0.870361
0.569694 -0.357007 -3.352783
-0.628261 -0.302437 -1.315063
0.557668 -0.702479 -7.469971
0.368808 -0.518709 -4.164673
1.517021 -0.379441 -5.976685
-3.798502 -0.895688 -7.202026
1.412625 -1.698060 -3.775024
0.330675 -0.803115 -9.672974
1.793335 -2.515787 -4.101318
-0.321158 -0.241928 -0.473511
1.476108 -0.183196 -9.417969
3.383858 -0.632254 -1.005981
0.604471 0.144561 -7.048462
0.100010 -0.141107 -1.583374
2.872747 0.417661 -0.424683
1.365106 0.925292 -7.066772
-1.367054 0.748409 -6.356689
-3.605902 0.457067 -7.641846
0.794664 1.239526 -8.529175
1.657488 0.415405 -0.571899
0.048834 -0.309297 -5.097778
3.798343 2.571051 -7.394043
-2.333708 0.023687 -7.086914
0.999936 -0.441564 -4.248779
3.634276 2.119623 -7.374146
0.542092 0.172572 -5.837769
1.147197 1.849377 -3.608521
0.934122 0.970490 -6.767944
3.037310 -0.065253 -0.415771
-1.095968 0.553214 -0.647583
-1.908528 -0.017706 -6.482544
-2.671319 0.807679 -6.921265
1.063223 0.569747 -0.520752
1.404313 0.821667 -8.423584
-0.561585 0.644420 -0.580078
0.205843 1.231184 -8.363281
1.081105 -0.192618 -3.259888
0.678533 -0.033198 -0.454346
insulator direct(0 is horizontal, 1 is inclined, and 2 is vertical):
0.000000
0.000000
0.000000
0.000000
0.000000
0.000000
2.000000
2.000000
2.000000
2.000000
insulator three point:
-3.816161 -0.645473 -7.124976
-3.722540 -1.563865 -7.380200
-3.646506 -2.514170 -7.634106
-3.857370 1.019700 -7.086768
-3.678297 1.992944 -7.385913
-3.537698 2.931671 -7.627930
3.764801 -0.393152 -7.104639
3.831955 -1.317096 -7.339185
3.955818 -2.321699 -7.606885
3.772492 1.038372 -7.105371
3.933548 2.070936 -7.326978
4.081061 2.963848 -7.501074
1.122889 1.033345 -3.456470
1.321546 2.116538 -3.772388
1.468309 3.057341 -3.893066
1.195668 -0.584982 -3.495532
1.231612 -1.644952 -3.760742
1.353766 -2.565723 -4.007275
3.682708 0.315768 -7.032300
3.682708 0.315768 -7.882300
3.682708 0.315768 -8.582300
-3.802318 0.158109 -7.110303
-3.837073 0.175640 -7.966919
-3.809100 0.163725 -8.672168
3.377089 -0.226609 -0.458374
3.362887 -0.218146 -1.236646
3.377089 -0.226609 -1.958374
3.385045 0.689135 -0.426147
3.385045 0.689135 -1.276147
3.385045 0.689135 -1.976147
