Tower sampling points:
-0.480026 -0.086506 0.000000
0.137139 -0.086506 0.000000
-0.621096 -0.619869 -2.358612
0.963983 0.792880 -10.621002
-3.174450 -1.647120 -8.112823
1.248622 -0.842575 -6.438995
-2.472638 1.308503 -4.884308
2.924844 1.914247 -7.803192
-3.182610 1.692735 -8.183319
3.157852 -1.015446 -8.844330
-0.321952 0.494116 0.433563
-1.171136 -1.316601 -10.571503
-1.735072 -1.636559 -4.901825
-0.480961 0.751368 -8.080292
-0.021926 0.534000 -4.636688
0.720072 -1.111910 -9.000824
-2.842145 -0.196499 -3.080292
-1.478591 -0.852079 -6.947601
-1.229390 0.852620 -10.425079
-2.953960 -0.002872 -9.303192
-0.562358 -1.218389 -0.467194
3.073013 0.130401 -7.103790
1.325810 0.627195 -7.577728
-1.111246 -1.076606 -8.737030
-0.662063 0.599540 -6.304413
-1.329863 0.619800 -3.459015
3.082478 0.692083 -8.995636
-2.691294 0.166024 -7.603790
-0.277983 -0.949159 -5.720001
0.175796 0.292757 -1.180206
0.435405 -0.764659 -10.579132
0.372616 -0.717934 -3.671112
0.040014 -0.981880 -7.531525
-2.627497 -0.291362 -4.732086
0.778879 0.764096 -9.043793
2.077297 -0.792381 -7.641815
-1.499435 1.950690 -4.043732
0.761965 0.515834 -6.279999
-0.915486 -0.567329 -4.462189
0.279619 0.374920 -2.772980
-1.117832 0.165475 -9.257599
-1.467457 0.467636 -7.293610
3.622825 -0.835095 -7.686737
-1.619553 -0.547249 -3.094879
-0.320125 -1.124990 -9.674713
-0.077981 0.821976 -9.916290
0.676661 -0.171496 -8.293488
0.540648 -0.256697 -5.279816
-0.458277 -0.057663 -10.580292
0.129678 -0.358545 -0.186188
0.794996 -0.001264 -9.850800
-0.889797 0.154910 -5.314606
0.232592 0.679604 -7.240692
-3.114991 1.060850 -9.083221
2.032662 0.271701 -6.785187
-1.143045 0.370180 -2.408783
-0.616075 -0.451105 -1.255707
-1.020859 -0.451907 -7.854034
3.447450 0.966662 -7.745087
-3.054758 -1.097711 -9.031525
-0.445467 -0.597423 -6.698090
-0.342624 0.379253 -3.662384
-2.586007 -0.859773 -7.703827
0.661279 -0.267144 -7.136322
0.306732 -0.348911 -1.965485
-0.676382 -0.825781 -3.505219
3.172017 -1.673352 -8.097626
0.033186 -0.817671 -4.613129
2.543949 0.438871 -7.883820
-0.113849 -1.150238 -8.487518
0.030991 0.493379 -5.622406
-0.546295 0.236938 -0.501190
1.129666 -0.951318 -7.606110
-2.409547 0.089953 -3.903534
0.956202 -1.159965 -9.903290
-0.223762 -0.086341 -7.510406
-0.656691 1.119530 -0.167389
-1.311885 -0.373889 -10.417816
-3.118665 0.978395 -7.522003
-2.060094 0.160789 -2.702789
-1.108332 1.094278 -4.209015
-0.290125 0.335533 -2.061005
0.497130 -0.373784 -6.237396
-0.127843 0.787235 -9.003937
-1.177330 -0.862302 -9.610016
-1.080879 -1.457914 -4.316620
-1.912173 -0.302728 -7.559479
0.430245 0.113722 -3.997406
0.227426 -0.650613 -2.802704
-0.958375 -0.453037 -6.005585
3.056529 -0.172784 -9.091095
2.841795 1.337034 -8.446320
-1.155894 0.264803 -8.321014
-0.316092 -1.202792 -10.534027
-0.709485 -0.063128 -3.019012
0.694886 0.731889 -8.155731
-0.858596 0.306133 -4.441498
1.983029 -0.601586 -6.807709
-0.621871 0.619658 -7.255280
-0.943037 -0.973516 -5.211334
0.310549 0.266090 -10.509308
-2.154098 -0.924195 -5.004181
3.745488 0.030252 -7.582184
-0.760955 -1.043435 -7.335785
2.747004 -0.644148 -7.093597
1.463596 -0.207003 -7.612701
-0.440109 -0.341290 0.396088
-2.464821 0.498787 -4.802032
0.710712 -0.309064 -9.100800
-1.137085 0.915023 -9.628632
0.145785 -0.480838 -0.977631
-0.954388 -0.079448 -7.021027
-0.461834 0.947082 -10.603485
0.623702 -1.097891 -8.197296
0.710127 0.836174 -9.849579
-1.714356 -0.101218 -6.816437
0.567131 -0.992601 -6.894379
1.337823 0.594793 -6.815582
-0.901699 -0.173595 -3.817230
-0.861116 0.755165 -8.834686
-2.143364 1.650925 -4.288910
-0.561701 0.301194 -1.362579
0.502852 -0.891964 -5.669708
-1.366395 0.506002 -6.522797
0.939372 -0.234685 -10.585785
0.034340 0.474305 -6.476715
-1.091672 -0.350079 -8.755524
-0.941791 -1.125505 -6.251434
0.317140 -0.112929 -3.292023
1.503837 -0.140952 -6.545990
-1.313879 -0.429100 -2.462921
2.182208 -0.093771 -7.557281
-0.174904 -0.254996 -3.949127
0.627905 0.191596 -7.691132
-1.590899 -0.913320 -7.651581
-0.431019 -0.468253 -0.584991
-2.175094 0.292670 -7.146820
-0.691043 -0.700759 -10.248505
0.053071 -0.926240 -6.359283
0.231925 -1.176707 -10.073822
0.482089 -0.279490 -4.600433
-2.978789 -0.966540 -8.370026
3.105673 -0.168419 -7.712128
0.491608 0.386836 -5.076080
-0.510476 -1.010324 -7.965302
0.075832 0.359356 -8.031586
0.947103 -1.194287 -10.604279
0.141111 0.227957 -0.515717
1.334809 -0.600438 -7.055206
-1.146153 0.297037 -10.067596
-1.477837 0.130461 -3.015717
1.976433 0.566933 -7.479828
-0.305723 -0.851457 0.015594
-0.636347 -0.168810 -1.840485
-0.462559 -1.116446 -9.042206
0.320285 0.912381 -10.479828
0.717322 0.394975 -6.913483
-0.483557 -1.069671 -1.125580
0.576124 -0.626383 -7.672394
-2.241628 -0.433439 -2.875336
-3.342057 1.580458 -7.556915
0.621518 0.198999 -5.741608
-0.998087 -0.657590 -2.979706
-1.042273 0.674138 -7.730621
2.882841 1.232456 -7.667694
-0.231843 -0.413900 -3.334930
2.507731 0.396901 -7.174225
-0.296442 0.404410 -3.022491
-0.936381 0.171206 -5.943695
0.235393 -1.176098 -9.385834
-1.292772 -1.963011 -4.622528
-2.845606 -0.313840 -4.042877
-0.529897 0.521821 -4.973419
0.084677 0.178176 0.109711
-0.482347 -0.784430 -4.095123
-0.318899 -0.795197 -5.107819
-0.216947 -0.602129 -1.767731
0.297815 0.662868 -9.416229
-0.535476 0.768196 -9.523529
0.096800 0.808523 -8.435577
-0.810002 0.433460 -10.583832
0.867563 -0.672292 -9.558197
-0.656205 0.014011 -2.424591
-1.390151 -0.017353 -7.648712
3.204806 -1.074576 -8.115997
-0.778408 -1.270617 -10.084930
-0.842387 -0.382213 -5.027435
0.779633 0.225657 -8.728424
0.430589 -0.807716 -5.076508
-1.083682 -1.035468 -8.126495
0.647612 -0.948223 -6.285187
0.292138 0.276195 -2.188080
-2.339023 0.034411 -3.287018
-0.069751 -0.087215 -2.662384
0.069635 -0.312575 -10.489777
-0.732909 0.787709 -10.108124
-1.149939 -0.185001 -9.737030
-2.039785 -0.646460 -7.105621
0.762398 0.782790 -7.578583
-0.122917 -1.007734 -6.957123
1.584343 0.240845 -7.205109
3.276065 -0.557868 -7.310883
0.767055 0.248748 -9.330536
-1.994491 0.394086 -7.685822
0.237132 0.403897 -3.538177
-1.123863 -0.938163 -4.076202
0.908977 0.291675 -10.329926
-0.317770 0.159360 -4.320282
-3.107907 -0.540421 -9.180389
-1.126975 -1.420907 -4.883392
-0.556194 -0.547839 -7.538422
-0.567453 0.554826 -5.559906
0.005622 -0.098320 -1.553497
0.628069 -0.693574 -8.636505
-0.806658 0.399536 -3.322479
-0.946734 0.624912 -3.946381
-0.957318 -0.057275 -6.456024
-0.908058 -0.940151 -6.804108
-0.186728 0.662914 -7.611908
3.290952 0.438153 -7.651337
-0.094033 -0.735234 -10.168182
0.759472 -0.525723 -10.081696
-2.976342 0.526408 -9.036591
-0.448521 0.062983 0.019379
2.565834 -0.491709 -7.589935
-3.123049 1.421600 -8.668304
0.438573 -0.703605 -4.255890
2.548606 -0.139032 -7.018219
-0.055952 -0.555853 -2.343719
-0.407284 0.624606 -0.089386
-2.773505 -1.297065 -7.989105
-1.196893 -0.886361 -10.176727
-1.043297 -0.568455 -7.239410
-2.456455 -0.346169 -7.589508
-0.479672 -0.846658 -6.209808
-0.906775 0.532793 -6.802826
-1.280590 0.176226 -10.591827
-0.314606 -0.598787 -2.806732
-0.291638 0.680932 -6.842682
-1.507492 1.419366 -4.057526
-0.921469 -0.908406 -5.737885
0.307045 0.658851 -6.051483
0.041624 0.461009 -4.046478
0.590416 -0.035804 -6.644989
-1.781247 -0.301331 -2.658905
0.408170 0.246517 -4.568512
-1.240902 -0.717130 -6.471832
-0.633383 -1.125536 -8.505890
-0.910251 0.107733 -7.500519
-1.105603 -0.472009 -9.279388
0.122780 -1.060160 -8.038483
-1.137599 -0.247458 -3.365326
0.315490 -1.265021 -10.583221
1.806234 -0.293146 -7.241486
-2.786158 -0.004763 -3.569733
1.581594 -0.709184 -7.550507
-0.586246 -0.050842 -0.920990
-1.144700 0.768078 -8.261078
0.161000 -0.450806 -7.440826
-2.553209 0.119593 -4.448334
0.165246 0.240857 -7.498993
1.100702 0.162126 -7.521881
-0.931420 -1.125059 -9.223114
-1.781605 0.400111 -6.853729
3.110221 -1.452932 -8.544525
-0.300959 0.388630 -0.911530
0.280043 -0.455344 -5.792999
2.729996 0.054233 -7.463287
-0.477243 -0.743798 -4.626129
-1.566396 0.124264 -2.507904
0.521650 -1.075796 -7.446014
1.033662 -0.453800 -7.578827
0.003245 -0.725443 -4.003082
-0.514421 -0.416897 -0.098297
-2.744258 0.658036 -7.616486
0.309002 0.741692 -7.772736
0.334349 0.645083 -8.861786
0.372022 -0.582192 -6.699493
-1.542654 -0.464451 -7.274628
2.262091 -0.776714 -7.185394
-0.716035 -0.150350 -4.294281
-1.033258 0.339268 -2.891388
0.310118 -1.068383 -8.734833
0.943436 -0.720707 -10.493317
0.068056 -0.774288 -5.427399
-0.054459 0.516464 -5.118500
0.945616 -0.862358 -7.165985
1.013215 0.683964 -7.160980
-0.248878 0.341812 -2.550201
-0.927882 -1.062978 -4.533783
-0.231551 0.578322 -6.009308
0.141317 -0.538408 -1.448883
0.689833 -1.134680 -9.503387
-2.493507 0.015265 -2.816620
-0.476579 0.659052 -8.580109
2.793072 0.853295 -8.662079
-0.841499 0.079516 -4.851776
0.544597 0.100660 -6.192535
-1.108046 -0.882588 -7.601593
1.833807 0.172443 -7.712799
-0.287829 -0.649497 -0.993805
-0.900848 -0.488586 -6.689423
0.203877 0.297275 -1.692780
0.862041 -0.716022 -6.659882
0.299827 -0.173304 -2.397430
-3.133863 -1.332417 -8.642303
-1.152792 0.454679 -9.623627
-0.754639 -1.068450 -10.563629
-0.072501 0.703041 -10.611115
0.172242 -0.618227 -3.261322
2.940462 -0.641810 -8.994904
-0.920860 0.696828 -9.287628
0.357773 -0.337338 -3.974701
-1.083815 0.114249 -8.806305
-1.972668 -0.217377 -3.171722
-0.707385 -0.383675 -3.380524
-3.050753 1.338732 -7.802582
1.628421 0.308531 -6.588409
3.704870 -0.417416 -7.540985
-0.018049 -0.340206 0.241119
0.666178 0.276687 -8.265900
-0.328941 0.256671 -7.866486
-1.250836 -0.391908 -8.234528
1.557382 -0.579101 -6.626434
-1.471017 0.433874 -7.738312
0.227650 -0.743521 -7.089020
0.578761 -0.660982 -8.122101
-0.794814 -0.371249 -2.684906
-0.016008 -0.019757 -3.605988
0.055044 -0.213802 -0.599518
-0.867472 -0.581586 -3.989594
-0.547939 0.532953 -4.219330
0.254950 0.529534 -9.901520
-0.230292 0.061284 0.426788
3.156239 0.261746 -9.064117
-0.526966 0.324204 -6.716217
0.299061 0.598601 -6.811432
-0.200553 -0.595263 -7.093414
-0.436634 -0.501275 -10.548798
-1.228790 -0.876974 -10.615997
-1.092143 0.258808 -7.876007
0.101949 -0.860048 -5.922089
0.689315 0.729948 -8.615387
-0.862669 -0.261203 -5.450287
1.136109 0.403735 -6.478912
0.454611 0.545886 -5.531403
2.839168 1.576778 -8.083099
-2.211430 0.011712 -7.534515
-2.098932 -0.694104 -7.579681
-2.461394 -0.686926 -4.812592
-0.619318 -0.632344 -1.924530
-1.126186 -0.744014 -8.460480
-0.295771 -0.678665 -3.695221
-0.385023 -1.050586 -7.553192
-0.782392 0.242513 -3.834198
-0.300692 -1.194176 -10.103485
0.860647 0.409549 -9.743317
-0.280240 -0.035620 -3.136993
0.117723 -0.118926 -4.440826
-0.699552 0.372140 -2.192535
-1.911009 -1.174798 -4.755707
-1.970230 0.222213 -3.117218
0.315275 -0.074895 -2.848907
0.594766 0.587128 -10.558380
-0.652511 0.375174 -2.684601
0.649149 -0.736897 -9.197601
-0.162699 0.291081 -0.218536
-0.601700 -0.836869 -5.467926
0.587047 -0.207716 -7.550018
-0.852158 -0.766717 -4.830292
0.425446 -0.016367 -4.926910
-1.306259 0.361602 -6.917389
-1.055739 -0.612713 -3.561615
-1.277581 -0.208234 -2.864288
-0.624443 0.700879 -7.668121
-1.731878 -0.521457 -6.823090
0.665477 0.159280 -7.274200
1.780303 -0.703861 -7.166901
0.737850 0.869365 -10.277802
3.381063 0.115183 -7.398590
0.101098 0.347017 -3.146637
-1.402279 -1.510762 -4.573517
-1.015235 0.502890 -7.353790
-2.953480 -0.903936 -7.889801
-1.401226 -0.457084 -7.690826
-2.511365 0.897053 -4.905121
-0.470765 0.261747 -7.477997
3.398023 -1.389620 -7.899811
-1.187656 -1.182555 -9.870819
-1.683287 0.132205 -7.154510
-0.535345 -0.922705 -7.012909
2.295280 0.306943 -7.584503
2.984247 -0.586549 -7.597809
0.027833 -0.298464 -3.037201
-1.262865 -0.447918 -6.876495
0.832422 0.764559 -9.449005
1.927583 -0.404801 -7.613617
-0.014057 -0.712256 -6.696991
1.071066 0.208759 -6.980133
3.538522 0.684422 -7.445709
-0.335158 0.870874 -10.226410
-0.881320 0.557749 -5.814484
0.374553 0.519457 -4.267914
0.583298 -1.126984 -10.313995
3.050178 1.591136 -7.591705
-0.565060 0.290567 -1.771515
0.758703 -0.207279 -8.715302
-1.092623 0.487104 -8.649200
-0.849310 -0.748480 -6.346832
-1.137237 0.806237 -10.039398
-0.565357 0.760613 -9.117523
0.698889 -1.087579 -8.603180
-0.837102 0.836103 -10.527985
-0.587416 -0.670742 -3.087494
0.187089 -0.091899 -1.050079
-0.082416 0.721925 -8.091888
2.933025 0.286357 -7.731720
-0.040502 0.083740 -10.502777
-0.340097 -0.318095 -2.480377
-0.952745 -0.287741 -7.501190
-0.559006 -0.959446 -6.591888
0.622765 0.632055 -7.218903
-1.056971 0.563623 -6.286407
1.673731 -0.039629 -6.944183
0.421929 -0.779537 -4.648224
-0.702718 -0.844154 -9.884186
-1.110982 -0.027054 -10.304108
-0.088407 0.804608 -9.526825
-0.635584 -1.218732 -9.465790
-0.578244 -0.121485 -0.344330
-1.192769 0.136508 -3.399078
0.608242 -1.006696 -7.817780
-0.500638 -0.081874 -1.361603
-0.151556 0.294962 -1.537628
-1.842545 1.885230 -4.219330
-0.521107 -0.392909 -4.055511
0.025303 0.077006 -3.997528
-0.431923 0.502584 -4.599091
0.444992 0.138585 -5.402130
-0.857245 0.582737 -4.711517
0.058786 -1.196103 -9.728119
-1.351995 1.086563 -3.910431
0.036730 -0.111833 -2.124115
0.344040 0.850690 -10.102203
-0.145596 -0.096130 -0.233795
-0.391619 -0.057511 -3.541229
1.232136 -0.926454 -6.883698
0.523657 0.354651 -6.531403
-2.273146 1.390823 -4.570404
-0.220097 0.551459 -7.249481
0.528999 -0.194257 -5.671600
3.047235 0.413517 -7.356781
0.826324 -0.166397 -9.509918
0.456644 -1.035235 -9.785797
0.369667 -0.345562 -3.595490
1.953680 0.334696 -7.150604
1.489712 0.270018 -7.570587
-2.548597 -0.270086 -3.698090
-2.513993 -0.208738 -4.191803
3.281325 1.302825 -7.793793
-1.317980 -0.895244 -7.285431
-0.771720 0.723698 -8.317902
-1.179759 -0.160812 -9.082306
0.468304 0.496867 -7.537018
-0.328679 0.808901 0.227875
3.339105 -0.754832 -7.918427
-2.699627 0.120288 -3.221283
-0.821407 0.550117 -5.207428
3.065109 1.053398 -8.823334
0.531181 -0.555213 -5.509003
-1.361555 -0.590640 -2.827728
0.308315 -0.545115 -2.430878
-0.961240 -0.471964 -2.320892
0.033425 -0.822167 -4.989594
0.576685 -0.675783 -6.036530
-0.000653 0.177083 -0.855011
-0.561299 0.391324 0.169098
-2.791355 0.053036 -4.052704
-0.812540 -1.048779 -7.755096
-2.326915 -0.447312 -7.259308
2.162750 -0.362004 -7.303925
-0.209003 -0.967711 -8.171112
-0.504424 -0.432329 -1.614532
0.676822 -0.661916 -7.314484
-2.803554 -0.565912 -7.725494
-2.582320 -0.250294 -3.334015
-3.198875 1.018625 -7.899078
-0.262935 -0.487418 -1.345917
1.413750 0.563298 -7.202301
-0.203227 -0.752341 -4.326324
2.853222 -0.372784 -7.311005
0.893487 -0.861472 -10.115631
0.393344 0.540080 -8.099823
0.048915 -0.561093 -3.635712
-1.829016 0.396050 -7.353302
-0.589082 -0.302545 -2.189606
0.988669 0.507372 -7.631012
0.793767 0.107555 -10.617218
-1.361594 0.329063 -2.721832
-0.193814 -0.470747 -0.314423
-0.334733 0.625656 -6.490692
0.695741 -0.241020 -7.942596
2.654534 0.397924 -7.529816
-0.375133 0.070230 -2.808990
-0.305465 0.358690 -4.023102
-1.749711 -0.779367 -7.360931
0.130863 -1.083490 -9.057098
-0.227162 -0.435077 -7.617706
-2.790483 -0.202554 -4.416412
-3.250261 1.343444 -8.096710
0.676155 0.655315 -6.675018
-0.864988 -0.637249 -5.338531
-0.975404 0.185942 -6.776215
3.102296 0.887782 -7.763702
1.012403 -0.461932 -7.005280
0.281040 -0.047493 -1.781097
3.644707 0.369361 -7.594025
-0.576003 0.485265 -5.977814
-1.260893 0.527686 -10.625885
0.031253 -1.148138 -10.408295
3.434928 -0.192426 -7.578583
-0.766776 -1.114442 -8.832733
-1.126979 -0.046362 -8.495209
-0.204996 0.401214 0.113617
0.353466 -0.753745 -7.430695
0.267946 -0.923716 -6.722076
0.479694 0.876843 -9.190704
0.361970 0.439975 -3.884918
-1.130605 0.721466 -4.230194
-0.303618 -0.177358 -1.087189
-2.875499 -1.652798 -8.296234
-0.143091 -0.677435 -3.102203
-1.865884 0.063300 -7.505707
-0.558228 -0.399976 -0.912506
-3.078696 -1.277770 -8.157990
-1.405931 -0.144419 -7.302887
-0.163897 -1.031978 -7.822601
1.306088 -0.822174 -7.323090
-0.413442 -0.923166 -0.307831
-0.284596 0.174809 -1.186005
-1.722308 -0.116226 -2.947601
0.449723 -0.099828 -4.271393
1.691013 0.428966 -6.933319
0.382165 -0.459827 -4.879486
-0.344846 -0.577696 -2.128082
-1.273718 1.564079 -4.267426
-0.672615 0.050317 -3.343292
0.104984 0.350724 -2.468536
2.343827 0.212894 -6.922333
-0.573906 -0.873789 -5.878998
1.658980 -0.386370 -6.892303
0.180103 0.036396 -0.188385
0.750004 0.067835 -9.039581
0.842664 0.584037 -10.040619
-0.708172 0.284967 -3.014618
-2.566382 -0.350481 -2.947418
3.201029 1.193169 -7.479706
-0.590151 -0.508702 -3.731598
-1.238317 -1.163400 -4.389313
-0.359046 0.517441 -0.447723
-3.087162 0.674422 -7.674225
-0.097482 0.391077 -3.420013
0.221744 0.424983 -5.295319
-0.034584 -0.426156 -2.719330
0.208485 0.477791 -4.906036
0.192664 -0.528569 -4.532196
1.064421 -0.145772 -7.382721
0.253043 -0.443309 -5.349091
-0.957479 -0.327346 -3.047089
-1.753985 0.238865 -2.850677
3.487596 -1.062604 -7.904633
0.048286 0.816231 -10.264435
0.805765 -0.861473 -7.561615
-1.145482 0.734942 -9.036591
-0.898957 0.264261 -6.269989
-0.453005 0.809074 -9.849518
-0.486521 -0.112945 -3.869110
0.353395 -0.010867 -3.638885
-0.857039 -0.095907 -6.135895
-0.017511 0.311482 -4.346100
-0.794246 0.808153 -9.736481
0.727291 0.480735 -7.932892
-0.733583 -0.732564 -10.584137
0.315179 -1.146555 -7.727203
-0.449360 0.363815 -3.320099
0.199299 -1.051951 -8.366608
-0.787067 0.234680 -5.625519
-1.104475 -0.775264 -8.885895
-0.218992 -0.527828 0.037872
0.323679 0.617360 -6.385895
0.116281 -0.560266 -1.782379
1.559264 -0.791890 -6.885223
1.007737 0.539731 -6.830780
-1.181781 1.362288 -4.005035
0.389385 0.781928 -9.714630
0.087090 -0.480143 -4.212799
-1.105666 -0.694076 -8.066803
-0.897853 -1.356209 -10.384979
-1.025880 0.008236 -2.837128
-0.196512 -1.009104 -7.281830
-0.153195 -0.066940 0.099518
-1.236289 -0.477902 -3.147919
0.320912 -0.830683 -6.188629
0.872393 -0.365378 -9.814484
-1.137647 0.423239 -3.242401
-0.990337 0.226357 -7.173431
-3.104930 0.419273 -9.322113
-0.509968 0.268890 -10.566498
-1.956874 -1.391294 -5.001007
0.032743 0.362791 -1.996735
-2.899576 0.954572 -7.775726
-0.605854 0.069462 -2.066620
-0.659597 -0.670764 -7.185211
-0.086915 -1.121172 -9.426910
1.654071 0.561077 -7.547577
-1.201125 0.294536 -7.567230
0.561217 0.511941 -5.903412
0.661292 -1.348822 -10.559418
0.121217 -0.672971 -10.600128
-0.657943 -0.849356 -5.109222
-0.837605 -0.969444 -9.613617
0.671103 0.938632 -10.612823
0.380578 0.174988 -3.151398
3.103812 -1.373347 -8.207306
-1.744681 -0.230013 -7.170380
-3.156409 0.754801 -9.188934
-0.865653 -1.104164 -4.187103
-0.727840 -0.343130 -0.531036
-0.006054 0.650358 -7.020782
-0.609763 0.225658 -4.131134
-1.311432 1.648893 -3.922699
-0.257569 0.193166 -0.642609
-0.838153 -0.393020 -6.300812
-2.409559 0.191835 -7.351715
-0.506899 -0.259243 -2.783234
-0.961604 1.062839 -3.921722
-1.571709 -1.884934 -4.773224
-0.561989 -1.173500 -10.305328
-1.066595 -0.575157 -2.612396
-0.768401 0.396215 -7.538910
2.455113 -0.514997 -7.040009
0.634807 -0.393613 -6.698395
3.401267 -0.579474 -7.653900
-0.803557 -0.756123 -7.538177
-0.175031 -0.830713 -6.102692
-1.154598 -0.777189 -6.934418
3.052521 0.066993 -7.471710
-1.206980 -1.211109 -10.268524
-2.257067 -0.151258 -3.034393
-1.180659 0.152108 -9.730621
-0.625796 0.643581 -6.691132
-0.719205 -0.840311 -3.869904
-0.897835 0.033877 -4.104034
-1.142658 -0.564036 -10.222015
-0.764626 -0.760150 -4.246185
0.407259 -0.903521 -10.165680
0.937565 -0.749925 -6.350494
2.699402 0.162708 -7.070282
0.340602 -0.362490 -3.015778
0.752685 -0.915477 -9.803619
-0.816374 0.704721 -8.001801
-1.926104 -0.424658 -2.922882
-3.281895 1.685755 -7.880035
0.122306 0.616244 -7.546295
0.559730 -0.633249 -6.952484
-0.285131 0.605490 -8.330902
-1.269079 -0.228466 -7.962006
-0.272222 -0.909924 -6.442780
-1.471935 0.380365 -3.209930
-0.027235 0.323800 -2.831390
-3.274700 1.244556 -7.599823
-1.097308 -1.159132 -9.535126
-1.084764 0.556682 -10.237518
0.467065 -1.076579 -9.194977
0.717949 0.085170 -8.019684
0.160453 0.798386 -9.132233
-2.243915 0.171691 -2.958893
-1.265057 0.599965 -7.519806
-1.577376 1.648266 -4.265717
2.375404 0.116828 -7.346527
-1.122869 -1.700403 -4.513031
-0.272216 0.582045 -5.697479
0.103708 0.194304 -4.627289
-3.143469 1.112637 -8.614288
0.291487 0.116998 -2.593781
3.311203 0.900807 -7.429535
-0.158349 -0.738550 -3.409576
-1.089955 0.585469 -7.061310
-0.922698 -0.843449 -6.043915
0.376807 -0.803683 -5.389130
0.151908 -0.821166 -4.295197
-1.526981 -0.678255 -6.647125
-1.209059 -0.026810 -9.999725
1.197080 -0.144069 -7.762421
0.177390 -0.590374 -2.114777
-1.580318 0.207480 -7.546600
-0.388357 -0.811516 -0.747406
0.629462 -0.927073 -6.595490
0.909588 -0.018821 -10.357635
-1.680346 -0.576896 -7.624237
-0.448255 -0.627749 -3.406281
2.218625 -0.525989 -7.568695
-0.230572 -0.272331 -10.580597
0.008803 0.489759 -3.740326
2.223587 0.459215 -7.278717
0.312404 -0.693718 -3.972931
-1.354271 0.156554 -7.259735
-1.842640 -0.795132 -6.920990
-0.051938 0.740200 -8.709015
0.842562 -0.458612 -9.335724
0.130699 -1.002671 -7.223907
-0.216819 -0.377301 -7.310089
-0.968629 -0.974984 -7.119232
2.499412 -0.057746 -7.633331
0.462492 -0.933836 -7.177521
-0.543076 0.885109 0.001495
-2.873823 0.421759 -7.764435
-0.015403 -1.017871 -6.651398
-0.618763 -0.784317 -7.788727
-0.606441 -0.628158 -2.717621
-1.380205 -1.468113 -4.253693
-1.052600 -1.079373 -8.427704
0.054298 0.076321 -3.280914
-0.463457 -0.174619 -0.663483
-0.888430 -0.108980 -5.831390
-1.042587 0.426865 -3.532684
0.070568 -0.039069 -7.575531
-1.046814 -0.571135 -7.574493
0.059203 -0.257070 -3.367218
0.668629 -0.496984 -8.407013
-1.038978 0.506559 -8.065521
-2.808342 0.094190 -2.937897
1.857373 -0.862476 -7.443390
-0.543474 0.268645 0.446991
1.363754 0.288879 -7.000092
-0.861385 0.275807 -2.473724
0.568257 -0.403783 -5.901031
0.490086 -0.408845 -4.325531
-2.472770 0.001306 -3.584686
-0.907292 -0.103354 -5.127533
0.365726 0.438160 -10.167877
-0.582660 0.232616 -1.026031
0.930327 -1.100297 -10.296600
-0.704618 0.435462 -3.616119
0.668899 -0.953561 -10.556305
-0.759033 0.017821 -3.629486
0.599532 -0.000792 -7.011810
-1.085150 -0.117804 -7.710236
-2.945362 0.244205 -9.133514
-0.964774 -0.387612 -4.696930
0.770538 -0.378859 -10.384613
0.080294 -0.314553 -3.802826
-1.062719 1.007551 -10.623993
-0.417310 0.243907 -2.315704
-1.050515 0.032648 -8.067108
0.347844 0.222039 -4.269012
-0.287917 -0.580077 -3.997101
-3.257286 1.499368 -8.397736
0.051951 0.605818 -6.209686
0.059529 0.517226 -5.917999
0.862379 -0.935681 -6.861115
-1.028416 -1.020541 -10.411835
0.235232 0.074811 -1.373993
-0.627632 -1.116001 -9.789703
-0.056089 -1.117411 -8.777313
-0.896767 -0.301150 -4.085602
-0.884489 0.628278 -6.519501
2.551327 -0.652651 -7.316681
0.463950 0.487990 -4.755402
0.154820 -0.493139 -0.598480
-1.587662 -0.527625 -2.646393
-2.494415 -0.052405 -7.637604
0.730142 -0.743990 -8.909210
0.744332 0.456503 -8.518707
0.528943 -0.035734 -5.919830
-1.492701 0.583238 -6.970001
3.226832 -1.121720 -8.578705
-0.291785 -0.890121 -6.746918
1.175904 0.480157 -7.353912
1.998395 -0.462768 -7.082184
-1.254176 0.812107 -3.979706
-1.525200 0.347777 -6.712433
-1.300145 -0.140010 -10.594696
-0.385339 -0.990830 -8.404083
2.258226 -0.677158 -6.896027
1.356438 -0.547418 -7.644928
-0.244863 -0.234003 -2.924713
0.957880 0.563703 -10.425812
-0.335798 -0.955046 -9.912201
-2.918256 -0.275171 -9.203094
-0.767791 -0.587049 -5.609222
1.824168 0.290785 -7.408234
0.543054 0.854279 -8.834930
2.838749 1.529819 -7.795502
0.003975 0.636307 -6.729889
-0.504989 0.231127 -0.212799
-0.511916 0.478916 -5.284332
-1.289238 -0.526384 -7.402924
2.870670 -0.292035 -7.589630
-0.753841 -0.815318 -4.531281
0.790320 -1.354632 -10.291290
-0.329956 0.067436 -1.562714
-0.958214 -0.139105 -6.737396
-3.126811 -0.829043 -9.161530
-0.677198 0.075636 -2.707001
0.668852 -0.458309 -8.828827
-0.687022 -0.413511 -2.990387
-0.330570 -0.748297 -5.516693
-3.168242 -1.662117 -8.401093
-0.853920 -0.665830 -3.343231
0.662549 -0.886065 -8.389496
-1.368175 -0.739336 -7.592987
-2.447786 -0.169203 -4.469818
-0.262263 0.623254 -9.667999
-0.405571 -0.238842 0.100189
3.133066 -0.427052 -8.979828
0.471471 0.777227 -7.471710
0.933339 -1.075157 -9.190582
-2.453953 0.227765 -4.695892
-1.111604 -0.462887 -10.604218
-0.062340 -0.416866 -0.771088
0.771512 -0.571595 -7.928802
3.141472 -0.714593 -8.803192
-1.136444 -1.368534 -4.583527
-0.617546 -0.659669 -1.017914
-2.284559 0.278678 -7.607819
-2.074593 -0.336192 -2.664398
-0.888673 0.465710 -5.472321
-0.832152 0.402210 -4.160736
0.222133 -0.816262 -10.364716
-0.015202 -1.038597 -10.109894
0.509725 0.408166 -6.201202
-0.994786 -0.985763 -9.943390
1.484027 0.087800 -6.714630
-1.070197 -0.098816 -7.323578
-0.084499 -0.740985 -5.730621
-0.021441 -0.352213 -1.984222
-0.731871 0.904763 -9.326691
-0.882686 -0.699341 -6.955597
-2.178378 -0.358262 -7.643219
-0.595331 -1.298425 -10.609283
-0.029573 0.341814 -6.718719
-0.929438 -0.792521 -7.868378
0.487163 -0.591127 -6.441132
-2.821119 -0.212882 -3.779694
0.134828 -0.637720 -7.651093
0.646937 0.748908 -7.877899
-1.513056 -0.571176 -7.014923
-0.123062 0.243866 -2.317291
-0.590458 0.648272 -6.976715
-0.035204 -0.408528 -1.199921
-0.964491 -0.361026 -7.024200
-1.654469 0.577388 -7.580536
0.503989 -0.141862 -6.396210
-1.027913 -0.779835 -4.611481
-1.164611 0.714672 -9.426117
-0.853174 0.696611 -7.505829
0.647783 -1.233497 -9.837921
3.309405 0.722297 -7.673492
0.322730 -0.417326 -2.680817
0.302239 0.820940 -8.625214
-0.283901 0.365088 -1.774017
0.005437 0.683587 -7.829315
0.794987 -1.054622 -7.301910
-0.331707 -0.694048 -0.453705
0.317721 0.745285 -8.277130
-1.122835 -1.113977 -9.013397
2.788950 0.283888 -7.313812
-1.133223 0.537450 -9.927094
0.332253 0.395435 -6.999237
0.854470 0.601372 -7.388580
2.036365 -0.682970 -7.318512
0.918656 0.555304 -6.562836
2.996336 -0.586489 -7.201935
0.097454 -0.143659 0.006195
1.258098 -0.338914 -7.462921
-2.373465 -0.605079 -7.644928
0.259462 0.486603 -4.518036
3.203051 -0.417653 -7.547394
-0.612580 0.340385 -4.732391
1.405456 0.489932 -6.568329
-3.232513 1.232163 -8.847687
-0.376916 -0.604913 -2.488190
-1.164979 -0.982780 -6.455719
0.540555 0.646084 -6.955231
-0.662916 -1.059910 -9.233124
-0.783744 0.009770 -4.509186
-0.168867 -0.028580 -1.765289
2.958846 0.078184 -9.151215
-2.959923 -1.498500 -8.017181
-1.512241 1.920255 -4.317413
-0.900372 -0.951039 -6.526703
0.628619 0.660582 -9.652130
-1.001030 -1.118581 -4.984528
-0.246330 0.464356 -4.338409
-1.941948 0.206004 -7.029388
-2.672266 -1.075661 -7.850800
-1.840973 -0.534422 -7.276337
1.788468 -0.767601 -6.707733
-0.406049 0.530638 -6.233002
-0.728731 -0.366248 -4.470184
0.496636 -0.409345 -8.049530
1.701426 -0.036829 -7.217194
-1.661401 -0.081747 -7.385712
0.244376 -0.079092 -4.055328
-0.225877 -0.746280 -4.735077
0.590863 0.582731 -9.932892
-1.274568 0.314229 -3.018219
0.340475 -0.894346 -6.459808
-0.334396 -0.047465 -4.142120
-0.213006 0.895618 -10.469330
1.160727 0.466355 -7.044586
0.049294 -0.267197 -2.451202
-0.413883 0.666896 -7.460785
-0.295127 0.489338 -8.004730
1.343035 0.040362 -7.567291
0.800942 0.191999 -10.042633
-0.467296 -0.000811 -7.597076
2.592327 -0.349700 -7.206818
-1.107142 0.428044 -6.548187
3.082484 -1.662258 -8.373505
-1.039766 0.502433 -8.382477
-0.887206 0.440119 -6.063690
-0.818085 0.456791 -4.948517
-0.480615 0.195670 -3.894989
-2.119975 -0.502967 -3.107086
0.513621 0.617019 -9.123199
0.159486 -0.017684 -0.753815
-1.731414 0.010046 -2.709137
-1.298962 0.158701 -2.498688
-1.340631 0.675658 -7.178009
2.371423 -0.285771 -7.563202
-0.673325 -0.272236 -3.623383
-0.206576 0.158807 -3.501617
-2.422344 -0.495826 -4.626984
0.292879 -0.028778 -2.049408
0.353655 -0.628728 -3.062836
-1.842504 -0.818620 -7.642487
-0.659774 -0.312618 -2.459808
-0.235158 -0.481167 -6.818390
0.904201 0.674451 -9.733002
2.020688 0.144891 -7.518707
-1.660968 1.750050 -3.967926
0.864606 -0.636649 -9.824310
-0.550848 0.658389 0.146271
-1.294977 -0.052755 -3.085907
-0.504428 0.137866 -0.748932
-0.938984 0.879953 -10.284027
-0.915381 -0.051013 -3.394318
0.239696 -0.862265 -5.613190
-0.503102 0.120912 -3.066986
-0.540613 -0.838657 -4.370087
1.270478 -0.736028 -6.699432
-1.266543 -0.632946 -10.467377
0.752312 0.458041 -9.496613
0.392621 -0.982264 -8.127899
-1.919032 -1.119696 -5.017303
-0.499986 0.793951 -8.809784
-2.088464 -0.514072 -7.375397
0.722197 0.469804 -7.615936
-0.437650 -0.602788 -6.970428
-2.640501 -0.023053 -3.830231
1.443597 -0.907618 -7.663177
-0.039344 -0.803180 -7.174896
-0.428997 -1.274724 -9.870026
0.124016 -0.569083 -10.347321
-0.075683 0.114963 -0.398529
-0.449757 -0.428094 -1.902191
0.498573 -0.649073 -5.783295
-0.899412 -0.647142 -5.832733
-0.186546 -0.528594 0.324493
0.335853 0.138399 -3.411102
0.293273 -1.167450 -10.332489
-1.079305 -0.382144 -2.817535
0.752236 -1.183123 -10.076813
0.091408 0.726454 -9.735626
-1.500196 -0.348375 -2.829681
-0.419451 -0.578007 -4.249481
-0.990482 0.717467 -8.566681
-1.152623 -0.371779 -8.479889
3.364316 -1.412999 -8.179108
-1.043588 0.633071 -10.516815
-0.460575 -1.003214 -7.262604
-0.532911 0.803708 -10.392914
-0.546847 -0.854052 -4.855988
0.572682 -0.465017 -7.463226
1.230523 0.438459 -7.735626
-0.426053 -1.033039 -9.451385
0.730812 -0.891131 -9.410919
-0.310586 0.448950 -5.473114
0.449128 -0.461409 -5.141327
-1.423223 0.073913 -2.745026
2.884276 1.161623 -8.638031
-2.517484 -0.005582 -3.077911
3.071577 1.137169 -7.841827
-0.282597 -0.296314 -0.128632
-0.670749 -0.250884 -1.522125
-1.636061 0.157682 -6.855988
-1.200144 -0.863145 -6.686920
-0.026385 -0.035053 -4.237885
-0.400406 0.374746 -2.783234
0.330747 0.404795 -3.267731
0.464828 -0.015916 -5.191132
-0.397070 0.676860 -7.796600
-2.037122 0.153684 -7.329193
-3.332875 1.398926 -7.854401
-0.270589 -0.343567 -2.218536
-0.890975 0.002633 -5.527313
-2.830529 -0.172597 -3.374115
0.208845 -0.355234 -2.233185
-1.206218 0.239744 -10.315399
-0.959075 0.862814 -4.089691
0.130983 -0.347179 -1.632111
-0.799573 -0.660551 -3.696625
-0.442242 -0.065985 0.292267
1.520893 -0.837262 -6.626434
-0.875839 -0.365537 -5.693817
-0.526002 0.818396 -8.327789
0.739009 -0.865767 -8.125702
2.171398 0.384467 -7.017731
-1.165965 -0.688162 -9.417633
-0.873949 -0.914364 -5.482635
-1.389725 1.214548 -4.164215
-0.309926 0.184387 0.209076
insulator direct(0 is horizontal, 1 is inclined, and 2 is vertical):
0.000000
0.000000
0.000000
0.000000
0.000000
0.000000
2.000000
insulator three point:
3.561411 0.319869 -7.569501
3.144736 1.134750 -7.635809
2.867740 1.689866 -7.696320
3.596731 -0.582916 -7.591534
3.367293 -1.096786 -7.914288
3.175392 -1.662035 -8.167035
-2.671863 0.242996 -7.579620
-3.034971 0.997901 -7.614423
-3.330381 1.679993 -7.712677
-2.651125 -0.610403 -7.655927
-2.881417 -1.186764 -7.942609
-3.070065 -1.672794 -8.220001
-0.955830 -0.857103 -4.039777
-1.134982 -1.408976 -4.381696
-1.378466 -1.929767 -4.676495
-0.951721 0.542419 -4.006512
-1.307777 1.321057 -4.083307
-1.597345 1.987262 -4.170026
-2.700560 -0.109357 -3.037579
-2.708996 -0.130225 -3.847833
-2.666049 -0.145537 -4.637579
