Tower sampling points:
-6.048307 -0.218802 -0.347034
3.949274 -0.218802 -0.347034
-1.576513 1.009204 -11.876709
3.675546 -0.571599 0.000000
-6.908039 -0.642230 -3.507568
1.709899 -1.247535 -6.403809
-1.789279 0.614903 -2.722656
-3.465070 -1.093795 -7.424194
0.299572 -1.741596 -15.501831
5.005492 0.201813 -4.056030
-2.647248 1.448457 -15.633179
-5.423906 -0.194517 -0.132690
0.384411 -1.412785 -9.947021
1.484965 -0.849951 -2.831909
-2.406134 -1.467134 -13.791382
-4.343882 0.694076 -4.858520
0.268278 1.255766 -14.411377
-1.250641 -0.092887 -5.608032
0.616260 0.943842 -8.163940
-2.591334 -1.274150 -10.240967
0.200428 -1.253428 -12.750244
-2.261774 1.022565 -8.782593
-4.187160 -0.744148 -2.510498
2.388124 0.765515 -4.736450
0.349887 0.868802 -10.542114
3.135695 0.442340 -2.004517
0.189186 0.614906 -3.928955
-6.916406 -0.036202 -5.626099
-2.556118 -0.879231 -4.025024
-3.905071 0.924229 -6.989502
3.356715 -0.878386 -3.576294
-2.413431 0.936477 -13.702148
-0.506172 -0.926600 -2.877808
0.561734 -1.040944 -8.003784
-1.629048 -1.497864 -11.945801
1.782100 0.708011 -6.615723
-4.235635 -1.082821 -5.606934
-5.425773 0.544960 -3.154663
-1.143976 -0.079136 -9.885132
0.163346 0.758398 -12.519165
-2.693753 -1.170187 -15.572754
1.729346 -0.890771 -4.637207
-3.495621 0.709700 -3.264282
0.311221 -0.487216 -14.309082
-2.284445 -0.717829 -8.628906
-5.057158 -0.939206 -3.986328
-0.350077 -0.455795 -11.341309
-2.486969 0.814873 -10.448120
-4.766614 0.437247 -1.497803
4.777241 -0.011736 -5.651978
1.910370 0.643398 -3.186523
-0.798031 -1.562693 -13.975342
4.056680 0.782007 -0.798950
-1.213360 -0.108665 -3.986328
-0.467619 1.129928 -9.333740
-2.255173 -0.265905 -11.421509
-2.035187 -0.876219 -2.655884
2.686728 -0.617022 -1.079224
3.285370 0.557975 -3.617920
0.470120 -0.874155 -3.945190
-3.341285 0.234507 -8.266479
-0.987098 1.036695 -13.749878
0.723115 -0.030401 -9.497314
-5.353838 -0.816291 -1.694336
-3.830961 -0.369457 -4.175171
-0.320469 1.241093 -15.618530
-2.365906 0.616705 -3.982666
-0.457621 0.437628 -2.768921
-1.083502 -1.235789 -10.545898
-0.293771 -0.736244 -9.041626
2.889287 -0.937580 -2.346191
1.459066 -0.256062 -7.448730
-2.917954 -0.160697 -9.633667
1.505142 0.052955 -5.523926
-1.687347 -1.678854 -14.890991
-3.731401 -0.059573 -6.188599
-0.902117 0.864524 -10.810425
-1.783495 1.368772 -14.709717
0.781859 0.289500 -2.723999
-2.383900 -0.266216 -14.112915
-6.541348 0.451497 -3.954834
-3.138519 -0.447546 -3.021606
-5.432542 -0.655855 -2.865112
2.339035 -0.258823 -3.817505
2.058924 -0.006244 -2.212524
-1.582160 -1.134456 -9.479980
-2.515526 0.834363 -12.547363
1.213044 0.018752 -3.891968
0.294987 0.402893 -13.595337
-2.455805 -1.185290 -12.689575
-4.367153 0.413068 -2.622437
0.644075 1.126528 -9.423340
-4.504239 0.461533 -3.770142
-3.185639 -1.358941 -8.524292
4.450553 -0.669415 -3.658569
-0.005743 -1.468961 -11.687622
-2.608101 0.641887 -14.740112
1.126479 -0.039927 -8.479004
-1.675134 0.958947 -9.703613
-0.102591 1.149098 -11.535278
0.300994 -0.452261 -10.482910
-5.736849 0.242331 -1.072266
0.208968 -1.586719 -14.356567
-3.388058 -0.006363 -7.224609
0.863868 -1.105927 -9.022583
0.075071 0.185911 -8.671753
-4.311433 0.780415 -5.943726
3.224476 0.152817 -0.612915
-5.932916 -0.386027 -3.891846
-1.206456 0.129077 -11.475220
-1.374963 -0.961479 -3.432861
2.171193 -0.708314 -5.652954
0.473108 -0.660031 -2.942261
-4.565705 -0.254892 -5.131348
-1.965535 -1.193750 -11.043701
-3.060168 1.080282 -9.385376
1.420170 0.803050 -7.588135
3.092605 -0.126603 -2.920532
-3.891291 -0.989957 -6.533813
-2.252755 -0.104975 -3.311523
-1.612843 -1.250797 -13.241699
-0.513414 -0.857874 -3.900024
-1.941026 0.163395 -9.138550
4.207451 0.293835 -3.423218
-4.907777 -0.385084 -0.942139
-4.439970 -0.442299 -3.413940
1.433253 -1.227326 -7.451294
-5.293569 0.175639 -2.258423
-1.651261 -0.330035 -10.657227
-3.079050 0.853188 -7.587524
-7.023215 -0.073090 -4.680908
-0.969067 0.808595 -4.003296
-1.304208 -0.281563 -2.764526
-2.762714 -1.134037 -9.329346
-6.257663 -0.358560 -0.518555
-2.843520 0.433528 -2.660522
-0.105020 -1.229374 -10.791016
-2.282062 0.683160 -11.367798
-2.894278 -0.551113 -7.916504
0.030221 -0.649468 -13.432861
-0.274822 1.302835 -13.222412
2.587985 -1.045148 -4.230103
2.150230 0.691179 -5.677979
-0.568917 -1.651485 -13.089111
-0.867470 -1.245952 -11.439209
2.419459 -0.902624 -3.170532
1.725781 -0.178103 -6.381714
-1.747382 1.263054 -13.166748
-0.543578 0.042782 -10.559204
2.460327 0.209571 -1.424561
1.503522 -0.867164 -3.741211
1.695919 0.755373 -4.149170
-3.161294 -0.482787 -8.792725
-2.494137 -0.989445 -14.650146
-0.681323 -1.167603 -9.735718
4.831669 -0.324188 -4.810303
-0.694251 1.349247 -14.540039
-3.148649 0.180511 -3.938354
-3.757983 0.116204 -5.237427
-4.504300 -0.383921 -1.739624
-4.432704 -0.993549 -4.622925
-2.603369 -0.468093 -10.629272
-0.543954 0.247374 -9.321167
3.283818 -0.428171 -1.702270
-0.401070 0.030584 -3.549683
0.081380 0.291996 -11.627319
4.051473 -0.113720 -0.680054
0.386292 0.865906 -15.179688
2.307419 0.006408 -5.149292
-4.832798 -0.128259 -4.311279
-7.314771 0.082167 -3.890259
-0.538313 1.208528 -12.330933
0.093095 -0.655736 -12.041016
-5.692534 0.468006 -3.959839
0.778341 0.225446 -7.741821
-2.396921 -0.715704 -13.393066
-1.599564 0.537585 -10.457642
2.717338 0.605863 -2.720215
2.496187 0.580943 -3.913818
-2.497419 0.479453 -8.182617
-1.033717 -0.022770 -4.801758
0.364653 0.416919 -14.474609
-1.203836 0.413275 -3.306030
0.458229 -0.076597 -3.538208
-3.818114 0.623866 -4.212769
-3.329574 -0.875144 -3.720581
-0.901952 0.817410 -9.972900
0.402977 -1.058833 -14.964111
0.289770 -1.419757 -13.549805
1.656674 0.068073 -4.590454
1.712544 -0.186878 -3.251587
-6.152197 0.076922 -3.261841
-2.227803 -0.956994 -11.916748
2.044866 -0.811993 -2.245850
-3.777287 -0.630938 -4.937866
0.956611 0.671080 -8.841919
3.516865 -0.178976 -3.934204
-0.438278 -1.514553 -14.810913
-3.811056 -0.016273 -3.199097
1.121332 0.667084 -3.317139
-1.878680 -0.500158 -3.875488
-3.397763 1.078469 -8.260620
-2.598755 -0.961761 -3.242554
-5.662262 -0.556228 -1.019043
-1.601378 1.058585 -11.101807
-0.888723 1.149029 -11.550537
-0.084695 0.938463 -8.623413
-1.555655 -0.673751 -11.435425
-1.752720 1.364526 -13.928223
-4.853506 -0.151463 -2.806519
1.697110 0.684137 -5.065918
3.513622 -0.569166 -0.990112
0.168834 0.191316 -10.866699
-2.377690 -1.755387 -15.218018
-1.528551 -1.466920 -14.187012
-3.110587 0.450300 -8.948364
-0.750863 -0.614191 -10.238892
-2.494186 1.311061 -14.346558
2.563413 -0.350392 -4.525635
0.180369 0.534239 -3.186523
-0.400300 -1.382503 -12.314941
-2.353879 0.201997 -13.533569
-0.004258 0.726360 -9.903320
-3.806731 -0.758988 -3.149414
3.886246 -0.418513 -3.245728
-4.903661 -0.734667 -2.278687
-1.633438 0.501357 -3.903564
2.400403 0.052824 -3.104004
-5.272356 -0.094208 -1.533813
3.346892 0.257786 -1.327515
1.182582 -0.890040 -8.399414
-2.492609 0.653101 -3.265259
-0.575637 0.473259 -11.332153
0.164569 -1.174416 -8.682495
1.372263 -0.741412 -6.915283
1.486742 -0.861770 -5.833862
-1.928216 1.372202 -15.643311
0.537771 -0.710006 -9.850342
-2.473005 0.831224 -9.724365
0.171631 -0.526677 -8.324341
-1.628269 -0.418146 -9.446411
2.336402 -1.085322 -5.065918
-2.211534 0.334313 -12.133789
2.550588 -0.389392 -1.805420
0.246456 1.126918 -13.708374
-5.378947 -0.047690 -3.578369
-0.868756 -0.471968 -3.296265
0.113409 -0.035096 -2.762329
5.111164 -0.505149 -3.861206
-1.814684 0.227213 -11.093628
-4.743993 -0.927956 -2.939209
-3.765285 -0.549920 -5.681885
1.069048 -0.466712 -3.355347
-3.795555 -0.567449 -7.098267
-4.338059 0.057674 -5.714722
-0.068842 -0.658283 -3.383057
-3.762392 0.656662 -6.361206
-2.535416 -0.188172 -3.942627
3.983357 0.402784 -4.071777
-4.862473 0.729949 -4.299683
-1.423304 -0.678908 -10.094116
-4.195347 -0.886222 -3.897827
-4.747685 0.659350 -3.152710
1.404177 0.577613 -2.687744
1.378974 -0.178049 -2.653076
-3.600098 0.382628 -2.671509
-2.471635 0.158110 -10.873413
0.008385 -1.242897 -9.389160
-1.922490 1.167272 -12.473511
-0.653116 -0.416785 -9.549683
-2.421549 1.234061 -15.021973
-5.182753 0.193282 -0.677979
-1.055789 -0.435798 -10.971313
-6.601255 -0.227131 -3.966675
0.864171 0.663912 -3.948364
2.443409 0.524882 -2.044067
0.650962 -0.438259 -7.704224
-3.450571 -0.899691 -8.080200
-0.217605 0.903378 -10.907837
-4.122796 -0.114501 -2.228027
-5.539124 -0.849228 -3.503662
-0.039405 1.372941 -15.018921
-0.637944 0.784319 -3.319214
-2.953234 0.200435 -7.703491
3.123040 -0.468318 -0.377319
0.333218 1.394557 -15.620728
-2.209136 -1.028037 -9.694824
2.488975 -0.491492 -2.646240
1.886102 0.260707 -3.743042
2.994143 -0.161945 -2.261108
0.143414 -0.923015 -11.328735
-1.512614 -0.197218 -3.398071
0.569196 0.402609 -9.997559
-0.369471 1.155121 -13.995728
-1.135205 0.549075 -5.494873
1.187936 0.567391 -8.229126
1.609639 -0.461956 -5.123779
-2.654814 -1.096373 -8.193115
-5.895186 0.201938 -0.437744
1.577447 0.312564 -7.095947
-2.642137 -0.645819 -10.001099
-1.298116 1.173976 -10.350586
-3.097024 0.166060 -3.240723
-6.238330 -0.569486 -3.274292
-2.126263 -1.577425 -14.421265
2.943061 -0.480909 -3.951416
-2.649736 0.305315 -10.085327
-0.601096 -0.192423 -2.774536
-2.257636 0.993826 -11.932373
-2.046321 -1.184598 -9.036499
1.527047 0.604022 -5.855713
-2.418757 0.376569 -14.188110
0.126714 0.803190 -9.212402
-1.973889 -1.565218 -12.507568
-3.768204 0.598802 -5.662231
-1.950942 -0.738353 -3.277222
1.535094 -0.446596 -4.216553
-1.330251 1.107003 -14.324585
-1.138013 -0.900403 -2.835815
-4.120732 0.534999 -3.222290
-2.367474 1.167797 -13.105957
3.032795 -0.777101 -3.046020
3.617004 0.150968 -3.260742
-4.367354 0.409621 -1.982788
4.425236 -0.026571 -3.953491
-2.517509 -0.302903 -2.778687
-1.841753 0.367716 -3.306274
3.895428 -0.675210 -3.958252
-3.445397 -0.778927 -2.592895
-1.729830 0.791426 -9.106445
-2.236162 0.070271 -8.571411
2.041318 0.490307 -2.586426
0.127349 -0.354038 -3.985107
-4.251987 -0.403432 -6.121216
-3.556093 -0.419944 -7.655762
-0.419816 0.553770 -3.896484
-3.809402 0.140577 -4.589355
-0.456935 -0.708898 -10.793823
-1.167390 0.646523 -2.741089
2.765305 0.134047 -3.597290
1.362702 -0.717303 -7.835815
-1.473413 0.385716 -9.655762
0.985869 -0.521593 -8.843140
0.378312 0.371553 -8.177246
2.132081 -0.829672 -3.864014
-2.488866 0.706897 -15.333008
-3.846115 0.117380 -3.790894
-3.546321 0.390161 -7.656616
-5.145158 0.573519 -3.722656
0.240087 -1.050723 -14.078979
3.729329 0.117985 -0.224487
-0.445504 0.962530 -10.338013
-3.815630 -0.002891 -6.782104
-1.658236 -1.228642 -10.366699
-1.457644 -1.311901 -11.345337
-1.220345 0.122925 -10.825195
0.290728 0.886026 -13.090942
-0.494881 -1.145861 -10.340942
-2.747898 0.982356 -8.381470
0.156261 -0.182535 -13.821411
-1.258564 -0.739954 -3.973022
-4.748964 -0.130058 -2.221924
-0.430303 -1.301938 -13.548706
2.103706 0.371043 -4.344604
2.830112 -0.021827 -1.024536
-4.266096 -0.222959 -2.797729
0.988317 -0.537783 -3.935181
-4.356299 -0.129693 -3.964600
-2.228102 0.237531 -2.822510
-2.843700 -0.903140 -2.713379
2.698161 0.669785 -3.370239
-4.980249 0.586424 -2.620239
1.908880 0.168156 -5.947144
3.188979 0.495060 -3.045410
-3.403658 -0.297146 -3.700806
0.416723 -1.011299 -10.369995
-5.331086 0.445553 -1.742920
-4.384911 0.093826 -4.660522
-4.572390 0.114891 -3.255859
-2.269544 -1.480873 -13.153809
0.255233 -1.669086 -14.928711
-2.852760 -0.567501 -3.580933
-2.425480 -1.004359 -10.749756
1.050906 0.099697 -3.240723
-3.048017 0.699676 -3.708008
1.926006 -0.351962 -2.709106
1.958591 -0.732227 -6.188354
-4.948753 -0.432079 -3.734985
-3.176991 1.022257 -8.824585
2.711775 -1.041843 -3.645386
-1.886488 -1.521157 -15.405395
-0.272240 -1.711127 -15.516724
-5.468381 -0.045255 -3.013794
-0.650042 -0.298087 -3.944824
0.644343 0.140760 -4.031982
2.664811 0.104348 -4.196533
0.902712 -0.999710 -7.548706
-7.280541 -0.479532 -3.979004
-2.049131 0.809818 -10.812500
-5.318383 -0.384553 -2.106201
1.328193 0.858065 -7.029053
-2.620415 0.698190 -9.093750
-3.811444 0.689025 -5.055664
-5.943192 -0.406613 -0.046753
0.078516 1.094450 -12.070557
-1.226041 0.674854 -11.283691
-2.355606 -0.929094 -11.357422
-1.194355 -1.189404 -9.993286
-3.383027 0.619368 -7.168579
0.135647 -0.284226 -11.569336
-1.490241 -0.872098 -10.767944
-3.600828 -0.246466 -2.730957
2.705532 -0.419805 -3.330811
-3.048274 -0.620784 -9.338623
-4.282043 0.575172 -5.421509
-2.723175 -1.091982 -8.750610
-2.475675 -0.854435 -13.930908
1.830211 -0.769227 -3.296020
0.721919 -0.654419 -9.323608
0.540046 0.962032 -9.992065
-4.311469 -0.514682 -5.564575
-0.065827 -0.589643 -2.817627
0.823178 0.500089 -9.357788
-1.875931 -0.644201 -9.001099
0.142554 -1.308207 -12.197876
-3.605883 0.932582 -7.741821
3.972281 -0.654918 -0.603760
-1.289846 -1.269689 -13.730347
2.306536 -0.538956 -4.974731
-0.656984 -1.202679 -10.932373
-4.864519 -0.991957 -3.473999
0.557106 -1.172530 -9.483643
-1.571051 0.000213 -10.225464
0.449957 0.846026 -8.709717
-1.839666 -0.342411 -2.913330
-2.866009 0.374814 -9.523926
-3.281666 -0.340808 -8.276489
-2.720819 -0.068383 -8.120728
-4.651545 -0.651008 -4.215820
0.985841 -0.968733 -3.556763
1.309394 0.259038 -7.569702
1.850128 -0.935183 -5.273682
0.957581 -0.775427 -2.710815
-1.931289 -0.633726 -11.012573
-0.011616 1.237523 -12.709351
-2.685397 0.221869 -3.592407
-3.054818 -0.605757 -4.105225
1.882603 0.929769 -6.130493
-4.280765 -0.959831 -3.367065
1.503168 0.315415 -6.350708
-0.654374 -0.054330 -11.142700
-2.108108 0.143457 -3.921509
0.175965 -0.471506 -11.008911
0.881367 0.808644 -7.633423
3.203589 -0.164047 -3.447998
-2.272467 0.639863 -13.169556
-2.125050 -1.392336 -11.519287
-4.868560 0.580722 -2.083618
-4.722477 -0.075891 -1.342163
1.164064 -1.234537 -7.987061
-2.980553 -1.054754 -7.750366
-0.325672 -1.182403 -11.361816
0.686670 0.411927 -3.509033
-3.738476 -1.249614 -6.977783
-5.219624 0.334277 -1.217285
1.546017 -1.266128 -6.930054
-0.122751 -0.238821 -8.946167
-0.466344 0.865866 -11.805786
-5.349484 -0.445507 -0.600098
-0.956461 0.299358 -10.211792
2.498636 0.220986 -4.690308
-0.852857 0.254691 -3.808716
-3.756732 -0.841365 -4.412598
-0.822272 1.559786 -14.067017
-3.899003 -0.963483 -6.001221
-2.315976 1.453794 -13.629395
-2.118090 -0.958309 -3.736572
-4.339380 -0.871722 -5.132324
2.827914 0.062567 -1.801636
-6.131798 0.118872 -3.987915
3.130944 0.337183 -2.532837
0.526314 -0.637187 -3.465332
4.680744 0.343869 -3.667114
-0.479492 -1.207271 -9.181519
-1.757021 -1.503060 -13.682861
-0.399857 -1.671556 -14.313965
-4.161115 0.160060 -6.389038
-1.982682 1.113959 -11.453979
-0.325606 0.459692 -8.864014
-1.628549 0.126706 -2.826050
3.143558 0.184664 -3.959229
-1.016284 0.162768 -2.864990
-5.737007 -0.406061 -3.312744
-4.965234 -0.605853 -1.410278
-3.752376 -0.474567 -6.572266
-0.863337 -0.987471 -3.520752
-3.835331 -0.604225 -3.643677
-1.476701 1.089610 -13.586670
1.700232 0.182800 -2.845215
-0.528712 -1.431952 -11.783691
-5.462994 -0.591640 -3.958862
-0.908329 0.373051 -9.665771
2.231160 0.535274 -5.192017
0.129072 0.646771 -11.191895
-2.995187 0.655836 -3.100098
0.587311 -0.256711 -8.183594
-6.417745 -0.682829 -3.811401
-0.069980 -1.512736 -13.929810
1.742705 -0.252528 -3.787231
1.505891 0.285219 -3.397461
2.681959 0.038098 -2.617432
-6.950772 0.413925 -3.646118
-4.892244 0.141616 -3.876709
-2.103784 -1.370989 -10.581787
4.857113 -0.288990 -4.298584
-2.996979 0.657444 -8.071533
-2.198621 0.200168 -11.628418
-3.525115 0.516892 -3.777710
0.713730 -1.082218 -8.490845
-2.705150 -0.523189 -8.413696
-0.302473 0.384256 -10.905151
-2.161640 0.978601 -9.299683
2.042029 -0.830599 -2.838013
-0.095518 -1.510299 -13.205078
-0.735523 -0.777227 -11.271362
-1.617424 -0.183694 -11.323608
0.081099 0.510270 -12.086548
-2.720275 1.086363 -10.091675
2.207016 -0.828671 -4.491089
0.010989 0.146589 -3.882080
-3.153604 0.006145 -8.676514
-4.626341 -0.501173 -4.698608
1.491877 -0.632138 -6.342407
-2.790414 -1.364076 -9.774170
-4.309296 0.539345 -4.266724
-0.026745 -0.929873 -3.810059
-5.772212 0.369568 -3.467163
0.955545 -0.298225 -2.886597
-7.009359 0.081287 -5.153687
0.260517 -1.474360 -10.451172
-3.217092 -0.985382 -8.848022
1.399891 0.554318 -3.810181
0.179027 0.809026 -14.736328
-3.183387 -0.692540 -7.470825
1.617256 -0.400725 -5.679199
3.016976 -0.517813 -2.627808
-0.323229 0.007829 -11.503784
-2.641897 0.098213 -3.048462
1.995359 -1.114585 -5.865723
-3.811190 0.423924 -7.028442
0.383838 0.360718 -10.450195
1.063829 -0.549603 -7.439819
-3.184221 0.089823 -2.735718
-5.414236 -0.117012 -0.995728
-0.698819 0.266810 -3.221069
0.157030 0.452281 -2.705811
4.252991 -0.204392 -3.533691
-2.023231 0.996878 -10.363525
1.159689 -0.024488 -7.142822
-4.351774 -0.726721 -2.048950
3.591748 -0.349349 -0.428345
1.030615 -0.516215 -8.127808
-4.043798 0.604847 -3.711914
-0.227911 0.485723 -3.444458
-0.657907 0.032079 -9.901733
-0.253257 1.135797 -14.654907
-4.910356 -0.318548 -3.265869
4.150542 -0.120849 -0.206787
-0.923312 -0.259382 -11.526367
-1.615341 -0.872645 -2.905273
0.186137 -0.311649 -3.164917
-1.673272 -0.058282 -3.831177
0.597338 0.664942 -2.963745
-0.672682 1.325694 -13.526367
-0.472842 0.912770 -9.763916
-0.632351 0.519132 -10.580811
0.500509 0.181127 -3.116211
2.505997 -0.684014 -2.192139
2.256933 0.531544 -3.499390
1.598434 0.180767 -4.127075
0.094195 -1.055526 -3.169678
3.491525 -0.665575 -3.132202
-2.001388 0.715693 -3.684814
-2.536700 -1.286968 -15.022339
0.941839 0.193299 -8.857178
0.164643 -1.031195 -13.172119
3.164519 -0.352174 -1.245972
2.947338 -0.640456 -1.965942
3.001530 0.440391 -1.053711
-0.921874 -0.736462 -9.779785
-3.344805 -0.854121 -3.244507
-0.714519 -1.320302 -14.383301
-1.196519 -0.926656 -11.242920
-2.302531 0.582186 -8.605225
-4.594083 -0.510701 -2.591553
-6.460745 -0.216006 -3.511963
0.135358 0.339844 -14.038696
3.398742 -0.607159 -4.101440
-0.932536 -0.188758 -4.369507
-3.896175 -0.911744 -5.324585
-0.134991 -0.944050 -11.723511
1.672537 0.018524 -5.082642
-2.384454 -0.593679 -3.523193
-5.357955 -0.296817 -2.567749
0.052800 0.114448 -3.357910
-2.042145 1.180068 -14.360229
3.685915 0.316106 -3.695923
-0.495683 1.091027 -11.284424
-2.438465 0.856606 -14.241821
0.088524 -1.403623 -11.181274
2.542030 -0.246664 -1.351807
-4.429619 0.208759 -5.112915
1.372817 -0.951272 -3.275513
-2.310908 -0.501222 -11.848267
-4.965415 0.266056 -3.022217
0.006352 -1.150315 -9.847778
-1.343336 0.610198 -10.045044
-2.522251 -0.354254 -13.675537
2.363224 0.516724 -3.011475
-2.329843 -0.679730 -2.985718
0.335799 -0.945074 -9.142578
-0.430769 -0.323604 -3.241333
-6.949906 0.144465 -4.275879
2.120595 -0.382191 -3.142578
-1.609456 0.962822 -10.645874
-4.346466 -0.687940 -2.963013
2.162227 -0.469597 -4.199951
2.979305 0.639199 -3.957520
3.547404 0.093334 -0.943237
-5.800323 -0.472940 -0.497437
1.076632 0.950411 -8.463379
1.735092 0.523735 -4.593628
-6.474607 0.358005 -3.436401
-6.802339 -0.429247 -4.329834
-3.995302 0.202923 -2.836914
0.351997 -1.302337 -15.371826
2.132666 -0.664883 -1.818115
0.473165 0.712284 -9.610718
-2.089304 -0.261167 -8.862305
2.116664 0.235891 -5.521729
2.625243 0.560761 -4.400024
-4.673201 0.450446 -4.631226
-3.205466 0.692234 -8.479370
-5.820081 0.245253 -2.962280
-0.950687 -0.195043 -10.594971
0.172469 -1.027301 -14.531616
0.195678 1.071198 -11.033447
-0.375456 0.673068 -9.322754
2.234215 0.155266 -1.818726
0.587448 -0.319015 -3.912231
2.850217 -0.606819 -1.505127
-2.158309 -1.367160 -12.102905
-2.317646 -0.394983 -10.979980
-3.790089 -0.183190 -7.345093
-1.645910 0.561179 -11.416992
1.829382 -0.628314 -6.646851
1.699911 -0.863630 -4.149902
-3.027978 -0.847849 -8.459961
-4.544069 0.078261 -1.728271
-1.282540 -0.593103 -3.160156
4.056201 0.331720 -0.763062
2.183710 -0.259471 -5.492798
-2.632238 -0.342919 -3.240967
0.385697 1.188620 -14.863403
0.072190 -0.910320 -12.411987
-2.407835 0.672535 -2.823730
-2.392811 -0.617393 -14.393311
2.961908 -0.400531 -0.790527
-2.096923 -1.485225 -14.858520
-4.945971 -0.480721 -1.876953
-3.067602 -1.391088 -8.964233
-0.529954 -0.778792 -3.307129
-4.165287 -0.659900 -4.404175
-5.649344 0.023315 -3.944702
-0.137582 0.790005 -3.005127
-0.233007 -1.359370 -12.749023
-1.179595 -0.399242 -3.649658
-4.116509 0.359520 -5.956909
-3.534524 -0.360546 -3.260620
4.764577 0.126096 -4.431641
0.459205 0.913153 -15.616455
-1.178284 0.498770 -4.245117
-5.004888 0.056587 -1.909668
2.993892 -0.951810 -3.976685
-2.408497 1.070492 -10.805298
-3.971273 0.572459 -4.626343
4.821658 -0.288778 -5.307861
-0.994401 0.025559 -3.448120
-2.454087 -1.311686 -14.204224
-2.245681 0.372623 -3.546020
-2.301305 -1.367817 -15.437012
3.536328 -0.473130 -3.571045
2.541779 -0.669097 -3.946411
0.865652 -0.825546 -3.154907
-1.250900 1.378636 -13.848755
1.987735 0.190035 -3.188599
-0.929336 -0.499544 -2.855225
-3.987890 0.640097 -2.648926
-1.683558 -1.138813 -9.934326
1.067410 0.034573 -8.016724
-6.274501 -0.072660 -0.182007
-1.331150 0.197201 -3.689941
-1.498365 0.006403 -9.430664
-1.690365 -0.940140 -3.844849
-1.090487 -0.420792 -5.359619
-0.867119 1.083867 -10.428955
-3.516581 0.245629 -3.429810
-2.473737 0.366789 -10.484985
4.591041 -0.547185 -4.060425
-5.961166 -0.744743 -3.637573
-2.447547 -1.061913 -13.125366
-1.633579 -1.339261 -10.792236
0.869340 0.318599 -8.403076
-4.585873 -0.745778 -3.752197
-0.232149 -0.478953 -3.749756
-3.308409 -1.315122 -8.101318
1.344254 -0.153324 -3.509399
1.415214 -0.423540 -3.030762
-1.301925 0.663333 -3.665527
0.165978 -0.826451 -10.750977
-2.289837 -1.486972 -11.005737
2.768787 0.280563 -2.208252
-1.564853 0.582861 -10.892212
0.234933 -0.772922 -2.557007
-3.822948 0.087274 -5.669312
-1.669914 -1.125885 -11.719482
1.144471 0.566487 -7.297729
2.212397 -0.022408 -2.706787
1.631139 0.090189 -6.724243
-5.112334 -0.794500 -3.131470
-1.329545 -0.794568 -9.636353
-2.285373 1.433641 -15.391357
0.579944 0.815690 -9.126221
-0.259913 0.754270 -11.433350
-0.607664 -0.824818 -9.408081
-1.365345 1.029421 -11.492065
-2.042478 -1.221248 -10.165771
3.326380 -0.769356 -1.325928
-3.817323 -0.312934 -5.232178
0.318288 -0.935297 -8.356201
-4.734591 0.305206 -2.401733
-0.824667 -1.572738 -13.543945
-1.911115 1.177919 -13.557495
-2.326711 -1.131247 -8.510864
-5.026195 -0.577553 -2.661865
-4.635129 0.260383 -4.222412
0.128154 -0.610282 -8.745117
-0.161493 1.063140 -13.584717
2.825290 0.268362 -3.000610
-2.594864 -0.837498 -10.391235
-5.431490 -0.500128 -1.377319
-1.599692 -0.609274 -3.533203
-2.915965 -0.954255 -3.802734
-2.249547 1.222360 -13.984497
-0.054146 -1.394382 -15.041626
3.001265 0.402830 -1.599365
-4.254870 0.153158 -3.541138
0.626620 0.592495 -7.906738
-1.122245 -1.266547 -10.994019
-3.594343 0.689357 -6.751587
-4.935115 0.037960 -0.991089
-3.934274 -0.493245 -2.842041
-1.667088 0.863154 -10.173462
-2.874930 0.754766 -9.839111
1.399436 -0.805211 -7.390625
0.486071 -0.232950 -2.808350
4.832608 -0.165947 -3.893677
2.652517 -0.897307 -2.816528
-0.854813 -0.638208 -3.780029
-2.781581 0.559974 -4.038208
-3.416439 0.709841 -8.053101
-4.883746 0.366331 -3.462524
1.549255 -0.524199 -3.498779
1.035509 0.631421 -2.886841
-4.100562 0.907310 -6.396729
-1.241233 -0.042482 -5.168701
-3.556752 -0.626569 -3.983520
-1.219535 0.718623 -10.434692
1.146791 0.965334 -8.048096
-1.929624 -1.345013 -12.864014
0.135245 0.576766 -8.527588
-5.124070 0.168183 -2.645020
-2.459741 -1.432353 -14.636353
-2.142357 0.666050 -9.020508
3.432320 0.477369 -4.042480
2.445990 0.399058 -2.476440
3.251887 0.046871 -1.677124
-0.819397 0.825586 -11.266724
-3.826068 -0.462369 -6.087036
-1.519712 -0.293677 -9.932617
-2.245853 0.600341 -11.775879
2.153796 -0.544364 -3.559570
-0.171886 -0.903938 -11.043945
3.873164 -0.716533 -3.538208
1.634492 0.448969 -5.404175
-1.624701 0.096532 -10.728027
-2.294241 -0.563390 -3.928345
2.101531 0.707777 -3.949707
-0.120570 -1.110387 -8.987427
-4.184711 0.255019 -3.989136
-2.025642 1.118930 -12.874512
-6.705800 0.080783 -3.687012
2.424527 0.146331 -3.851807
4.098606 -0.312845 -3.957886
-2.395996 -0.975959 -9.115967
-1.478601 0.572103 -3.005005
0.234637 -0.036753 -14.201538
-2.644603 1.067038 -15.470947
-3.787365 -0.368828 -4.616943
-0.111097 1.027266 -9.597168
0.613525 -0.303127 -9.844116
-0.889327 0.646206 -3.617554
2.214282 -0.107735 -3.437622
-0.198693 0.131550 -9.125000
-3.215938 0.591725 -2.756226
-1.196377 -1.671264 -13.959229
-5.491207 0.133996 -0.385010
-1.967974 -1.491187 -14.037720
-0.203549 1.015118 -9.011108
-2.315145 -1.290778 -9.395508
2.229687 -0.378896 -2.172729
-2.299342 1.157972 -12.309326
-0.719180 1.185406 -11.923218
-0.320523 0.894597 -13.229614
3.190154 -0.854586 -1.713989
0.318159 0.323962 -3.670532
1.015506 -1.357872 -8.522339
1.743944 0.778769 -7.017578
-0.374027 0.105314 -3.030518
0.057810 1.214731 -14.060791
-1.650158 0.433003 -9.286499
-0.556492 -0.365626 -10.552002
-2.813683 0.826797 -8.758667
-6.093912 0.528196 -3.923340
0.137182 1.255438 -13.167847
-3.739375 0.403388 -3.081787
-4.003736 -0.268171 -3.487915
3.444412 -0.215356 -3.104370
-5.335872 -0.467447 -3.285156
-0.417920 0.146845 -3.939087
-3.647308 -0.838885 -6.821899
-3.696606 0.963677 -7.336304
1.124162 0.090576 -2.820923
-7.011450 -0.188320 -3.882568
-4.126426 -0.708133 -6.358765
-2.033069 1.351108 -15.038818
-2.937066 -0.985848 -9.774414
2.544672 -0.716266 -4.698730
-0.836563 0.540600 -2.956055
-3.809039 -0.868376 -2.754517
-0.098314 -1.246676 -10.386719
-2.077098 0.849117 -9.805908
-0.881879 -1.024565 -10.190308
0.535757 -0.656040 -8.149414
3.286299 -0.105334 -0.308960
-0.749766 1.143280 -14.130127
1.047752 0.368624 -3.744507
-4.253085 -0.792562 -5.885864
-4.595317 0.159396 -2.836548
-1.484829 -0.407615 -3.912231
1.516081 0.672507 -3.110229
-4.052327 -0.899271 -4.817993
-3.649894 -0.867008 -7.700317
2.746908 -0.334279 -2.939941
0.202890 -0.428389 -3.581421
-1.827274 -0.763920 -9.494995
-1.913064 -0.475003 -11.448486
-3.439238 -0.404772 -7.219727
2.031781 -0.867631 -4.900513
-4.120851 0.278195 -2.335327
1.434527 -1.037018 -6.605957
3.117513 0.231296 -3.431519
-3.160193 0.472562 -7.491089
1.993423 -0.351180 -6.071899
-3.801990 0.160249 -4.190063
-4.146972 -0.462334 -3.849609
1.351756 -0.406940 -3.833740
-5.842005 -0.795304 -3.249512
0.302156 1.403843 -15.222900
-1.279940 0.872858 -9.751831
-0.062515 0.938202 -10.444946
-3.089488 -0.547911 -2.639282
-5.251208 0.593522 -2.191772
-1.654200 -0.970638 -11.150391
-2.770185 -0.574275 -2.923828
-2.254686 1.032338 -11.169556
2.038970 -0.038319 -3.952637
1.585503 -0.468273 -7.106567
4.321875 0.340639 -3.848877
0.500504 -0.964512 -3.216309
-2.493155 -1.420847 -10.629517
-0.054253 -0.305517 -8.563232
0.082142 0.689914 -11.619385
2.064575 0.393672 -2.204834
-0.777633 -0.340726 -9.947998
-3.726995 0.321912 -6.003418
-5.178849 -0.733687 -3.629395
0.266584 -0.175006 -10.760742
-2.260518 0.448120 -11.035034
0.218622 -0.968900 -13.564209
-0.639709 0.616779 -10.971680
-0.815865 0.816898 -9.589355
2.084897 0.525565 -4.806274
-0.110634 -1.486559 -14.595825
1.915201 0.526833 -6.106812
-1.151942 -0.223498 -3.138916
2.982701 -0.758477 -3.627686
2.708542 -0.146897 -3.887695
-5.239391 0.236150 -3.309082
-4.811794 0.697007 -3.888306
-2.571098 1.006302 -14.581055
-1.745552 -1.474745 -14.513428
-1.793794 -1.223333 -12.171997
-5.269755 0.237822 -3.916748
-2.847755 0.751499 -9.407471
0.470749 0.056130 -7.966309
3.974463 0.063062 -3.879639
-4.413729 0.637987 -2.937988
-2.035327 0.580832 -3.023193
1.789258 -0.752207 -2.533813
-3.992355 -0.411721 -2.453003
-2.339745 0.917803 -10.102661
2.459359 -0.621002 -1.506226
1.308118 0.527086 -7.850952
0.353641 0.687937 -10.198608
1.490991 0.479304 -6.756348
-2.471300 -1.054358 -13.566895
0.303185 0.875280 -14.344971
3.931136 0.005084 -3.479614
1.566863 -0.354390 -6.060913
-1.896837 1.006879 -12.094971
-1.796071 -0.025667 -3.139648
1.212716 -1.030168 -7.117188
0.324699 -1.451748 -14.013428
-2.308256 0.700178 -12.210327
-5.304188 -0.678885 -2.414307
-1.329376 -0.890508 -10.402710
2.780061 -0.037090 -3.251953
-3.929810 0.438753 -6.661743
-1.266758 0.842037 -10.933716
-4.471842 0.505534 -3.377441
-5.199163 -0.903943 -2.035645
-2.323666 0.032458 -13.878296
3.631997 0.222162 -0.591064
-3.441412 0.097867 -3.021118
-2.068992 -1.322242 -13.550415
-4.719669 -1.028544 -4.232910
0.673197 -1.069268 -9.855591
-1.106394 -0.571765 -11.358154
-0.192264 1.064644 -12.413086
-6.123799 0.280913 -3.591553
0.768855 0.710137 -8.426514
4.902938 -0.007324 -5.013672
-0.780554 -0.028253 -9.543823
-5.316778 -0.237158 -3.905395
-5.674874 0.051906 -0.745972
-3.207843 -0.523172 -3.445068
-1.954849 0.017480 -11.381470
1.421078 -0.005982 -3.042236
-1.483656 0.735794 -9.458374
-4.748014 -0.546258 -2.962524
-4.161135 -0.353095 -3.150146
-4.611451 -0.519885 -1.294434
-1.177552 -0.377485 -10.120972
2.546676 -0.696246 -3.566162
0.894743 -0.916139 -8.141113
-1.185900 -0.159071 -11.226929
-0.441345 -0.532453 -2.843140
-5.817203 -0.147922 -0.296020
-2.980056 -0.868275 -3.351929
-4.347757 -0.420886 -2.275024
-0.408554 -0.337822 -10.984497
0.325140 -0.699038 -14.647705
1.808153 0.122561 -2.485718
0.429208 -1.337419 -14.707153
-3.585787 0.013292 -7.598022
-1.343478 0.101054 -3.091431
-6.299856 0.013938 -0.578857
-3.197787 -0.871717 -2.895142
0.521498 -1.134672 -8.813721
-3.480324 -0.599465 -2.958618
-3.501212 -0.801740 -7.185181
-1.551593 0.641204 -3.370483
1.754599 -0.607674 -2.961670
-2.578185 -1.625564 -15.512207
-3.282288 0.191908 -7.894653
-3.773501 -0.919174 -3.844727
-1.287951 -1.465871 -11.646851
-1.948709 -1.071113 -11.424805
-3.206816 0.468063 -3.439941
-3.479186 -0.001841 -3.959106
-3.312630 -0.652390 -7.829712
-1.907550 0.777381 -11.161133
0.059685 0.831973 -13.384399
0.265395 -1.191616 -10.701050
2.085688 -0.640413 -5.271362
-0.151766 0.413741 -3.028809
-2.591731 -0.149853 -3.562500
-4.874395 -0.004740 -3.530029
-2.243542 1.294380 -14.657349
-0.813257 -0.951787 -10.553467
2.296285 0.056244 -4.417847
-0.754312 -0.118767 -3.197021
-4.433107 0.068970 -2.343750
0.284316 0.906008 -8.377930
-2.999923 -0.881186 -8.082886
-2.457352 0.320123 -14.557251
2.879579 -0.005450 -1.396118
-1.607213 1.359443 -14.342041
0.511389 0.084261 -9.807983
-0.425546 -1.419484 -14.003052
1.292409 0.387533 -3.009277
0.212236 -0.929741 -3.501953
-0.863902 -0.795793 -3.074219
-1.899797 -1.295260 -9.366943
-5.093470 -0.174562 -0.622437
-0.525872 1.058535 -10.765381
0.087536 -1.654273 -12.913818
-1.126776 0.164241 -4.401367
-4.541071 -0.222769 -3.101562
2.658310 0.416053 -1.760254
-2.677113 0.465808 -2.991699
-3.861481 0.743260 -5.991943
-4.045981 -1.215428 -6.231323
insulator direct(0 is horizontal, 1 is inclined, and 2 is vertical):
2.000000
2.000000
2.000000
insulator three point:
4.882008 -0.165199 -3.910889
4.862562 -0.150895 -4.757422
4.852629 -0.199898 -5.507422
-6.994266 -0.079955 -3.885132
-6.994266 -0.079955 -4.785132
-6.970656 -0.096449 -5.531836
-1.060924 -0.137324 -4.017139
-1.096143 -0.110754 -4.864575
-1.101919 -0.062751 -5.623608
