Tower sampling points:
-3.950684 0.235171 -0.233484
5.698203 0.235171 -0.233484
2.760191 -0.726789 -8.747192
-4.507710 0.256448 0.000000
5.627103 0.454575 0.018555
-0.450914 1.563308 -14.663208
-2.388550 0.981050 -5.773926
6.776139 -0.038802 -5.253296
1.906311 -0.572448 -3.416992
-0.782516 1.341540 -10.278198
2.262405 -0.987122 -12.848267
-5.495885 -0.191602 -3.770630
-2.087205 -0.477551 -2.533081
3.485468 1.207210 -5.957031
4.714828 0.970170 -3.011719
-0.807260 -1.019448 -8.144287
-0.489756 -1.398089 -14.177856
1.734036 1.557342 -11.730225
-0.178281 -1.133803 -11.409180
-0.260240 1.008556 -3.831421
2.120357 1.179364 -14.331177
1.364033 1.433815 -8.927368
0.843983 -0.172295 -5.603027
-1.348035 1.304859 -7.929565
4.395817 -0.648925 -4.827759
-3.512613 0.929701 -3.774292
-0.427630 1.434160 -12.466309
1.969148 -0.376355 -10.728271
3.439409 -0.729791 -6.754883
4.221388 -0.288225 -1.463989
-3.560780 0.749929 -1.714966
-1.991278 -0.847739 -6.545166
-2.056275 -0.606824 -4.523071
1.452721 -1.253348 -14.642944
-5.096272 -0.300465 -5.700439
0.389640 -0.218166 -9.492065
2.993110 1.033651 -7.895264
-0.158946 -0.708230 -2.913208
2.740140 1.018523 -2.660767
6.562885 0.766563 -3.519531
0.977020 0.700430 -2.525879
3.647643 -0.471832 -3.120972
0.511111 0.424239 -11.246826
3.378743 0.760507 -4.324951
-0.693682 0.225780 -13.712158
-1.882487 0.852782 -3.528198
-0.929909 -1.055864 -9.876709
-3.909848 -0.496864 -3.193359
2.233556 1.173789 -10.270874
5.400477 -0.338286 -3.589233
-0.143091 1.111154 -8.913818
0.751999 1.473804 -13.730591
1.741342 0.915284 -3.750366
0.054761 -0.988833 -12.895752
1.170888 -0.900404 -11.887207
2.391321 -0.234542 -14.304077
-0.760865 0.939719 -2.509155
1.578065 0.045434 -8.779907
-3.317676 -0.164717 -0.623657
0.693526 -0.354573 -4.050537
5.076149 0.752567 -1.229370
-1.863471 0.489032 -6.963623
-1.045243 0.256125 -9.496826
2.170760 1.167977 -12.974731
-2.310382 0.858777 -2.219727
0.551220 1.329574 -10.081543
3.366176 -0.130961 -5.551758
-0.636148 -0.021048 -10.739136
-0.885349 -0.164493 -3.896240
-3.385056 -0.531558 -1.959473
5.707938 -0.755026 -0.481567
2.555344 -0.200901 -7.580444
-1.507338 0.065236 -8.262207
1.069224 -1.160229 -10.050659
3.824831 0.826625 -1.994263
-3.832225 1.254725 -0.449829
2.604318 0.818562 -9.083862
-4.667778 0.641753 -3.423462
-2.580501 0.850476 -4.565063
1.138870 -0.997224 -13.491089
4.803461 -0.277819 -2.532715
-2.807234 -0.153994 -3.565063
4.530300 0.412700 -4.208252
-0.342549 -0.011443 -8.556519
-0.122699 1.443160 -11.255737
-2.467807 -0.270722 -5.578125
3.398288 0.504471 -6.899170
0.951684 -0.442247 -2.737061
1.161885 0.286611 -10.180786
6.584044 -0.326958 -3.852173
2.446824 -0.134641 -9.693726
2.646717 -0.127401 -2.686768
3.422023 -0.513737 -4.297363
1.612986 0.523611 -11.291260
2.126864 -0.343735 -11.909668
-1.049854 -0.113791 -2.652344
3.627626 0.644590 -3.260376
4.804263 -0.124364 -0.410522
-3.267135 0.576129 -2.753662
0.235302 -0.640009 -10.529785
-1.754427 -0.773741 -7.616455
0.245137 0.279100 -3.212158
-1.200854 1.313702 -9.006348
-0.328644 1.496872 -13.597168
-0.539082 0.601780 -11.771362
1.766675 -0.945742 -9.132080
4.080162 0.845971 -5.146362
-0.181902 -0.979060 -9.003052
5.535149 0.697516 -3.761353
-5.198079 0.342048 -4.869751
2.719702 0.030967 -3.718262
1.998313 1.253982 -8.129639
0.915850 1.362538 -11.118408
2.195219 -1.289978 -13.938721
4.404693 -0.531243 -3.811401
-2.733722 0.133651 -1.541626
-0.725921 -0.495436 -14.589355
-1.216874 -0.603907 -8.972168
2.011648 0.410928 -13.614258
-1.791085 -0.322377 -3.493896
1.900748 0.510764 -2.839478
1.348003 1.786992 -14.459106
0.732319 1.000946 -3.673462
2.312307 -1.030870 -10.073853
0.192168 0.373228 -10.303101
6.668316 -0.979244 -5.454590
-4.468080 -0.232385 -3.935547
-0.396653 -0.335466 -11.952026
5.173677 -0.194569 -1.557251
0.456794 -1.228424 -14.114990
2.684301 0.984487 -3.645752
1.086389 -0.764697 -10.935669
2.862489 0.161355 -8.397461
-1.745845 0.108483 -6.055054
1.288207 0.141153 -3.460815
-2.927505 -0.202422 -4.497803
-4.279502 -0.395269 -0.613525
1.988518 -0.579673 -8.238525
0.917239 0.737836 -9.413696
-1.907637 0.411867 -5.015503
4.805022 0.832266 -2.110352
3.745027 -0.207634 -2.254272
-0.652136 -0.471045 -13.125244
-0.608226 0.846597 -8.170654
-3.003506 -0.536942 -2.774658
0.136336 1.003864 -2.621094
3.087104 -0.878256 -7.829956
2.842422 1.216877 -7.035400
0.484336 -0.463632 -11.523560
-1.015491 0.578343 -3.432861
3.880236 -0.761816 -5.989258
1.350122 1.468700 -13.076050
-1.792177 0.400081 -2.779175
-2.072984 0.251768 -4.170288
-3.854110 0.475293 -0.868530
1.914473 -1.064840 -11.469360
-3.614867 0.034212 -3.819702
-0.755352 0.767498 -14.500732
-0.133386 -0.595729 -3.865356
-0.564019 -0.939333 -10.661865
-2.650111 1.030470 -3.184814
1.404804 1.364910 -10.371460
3.766871 0.381518 -6.108276
5.222867 0.277997 -3.023315
1.973711 -0.552397 -13.582520
-2.082485 1.208798 -6.530029
4.382105 1.129635 -3.770142
-0.592320 0.828004 -10.928101
4.210243 0.392579 -2.673462
2.034634 1.331976 -9.419922
0.799763 0.041762 -4.800537
-5.418320 0.679916 -3.770386
4.269917 0.607058 -1.321167
-1.149869 0.588846 -7.579468
2.047176 0.448614 -10.602417
-0.564701 0.845191 -13.165771
-1.401414 -0.171477 -7.196777
1.881128 1.647340 -13.713013
3.731267 0.031516 -3.783081
2.265322 0.481051 -7.959473
-0.401916 -1.096503 -12.216431
-3.098992 0.685010 -1.054321
6.008021 0.174771 -3.372070
-2.561633 0.172868 -2.825439
0.216109 1.475934 -11.987671
5.092575 0.883037 -0.398682
-3.974837 0.387160 -3.078369
-3.584728 0.439497 -0.118652
1.065051 -0.635253 -9.429565
1.864240 -0.268992 -2.651123
4.056861 0.064364 -5.018921
-3.724239 -0.201914 -1.323975
-3.305084 -0.678183 -3.946655
4.524039 0.294742 -3.388306
-0.762541 -0.186128 -7.916260
0.151513 0.524361 -9.409180
1.880226 1.284053 -11.010254
-1.730968 1.252265 -7.251709
-2.679849 0.359684 -5.174561
6.624286 0.114414 -4.509155
3.385213 0.505853 -5.110352
1.957836 0.779310 -11.934570
-1.100027 -0.600842 -3.288452
-0.544578 -1.207575 -13.433228
-2.751753 0.556789 -3.875366
-0.471487 -0.086674 -3.240112
0.208893 1.727841 -14.305054
1.297272 1.071969 -3.113159
0.188018 1.038248 -10.686768
-0.633043 1.309931 -9.531494
3.222302 0.374855 -2.675781
1.870902 0.113426 -3.939331
-0.101950 -0.006406 -11.332520
1.979424 0.710061 -8.651367
0.144699 -0.879714 -9.754272
-1.371202 0.522783 -8.842407
3.252588 -0.098858 -7.319214
-0.083605 -0.039024 -2.585571
5.654968 -0.021345 -0.605713
-0.348523 0.715724 -3.107056
1.506766 -0.948877 -12.849609
2.294819 -0.936615 -14.581543
-2.693402 -0.282177 -2.152710
3.462077 -0.686097 -5.015259
-0.062511 -0.999376 -14.624268
2.273068 0.624291 -9.784058
-0.797706 -0.347259 -10.020264
1.353215 -0.162675 -11.269897
1.072876 -0.443789 -10.198975
0.495293 -0.543748 -3.374878
1.762614 1.537000 -12.458252
0.209029 1.750712 -13.176636
-1.386892 0.987933 -2.919556
-3.282597 0.188942 -2.081177
0.628314 -1.199770 -11.512207
2.968657 -0.546901 -3.356689
-1.924591 -0.665274 -5.842041
4.132023 1.005476 -4.445190
2.882128 0.510399 -7.405762
-2.293074 -0.707952 -3.853882
-2.651432 -0.640966 -4.992798
1.894948 -1.001097 -12.233398
-0.646089 -0.533775 -13.838745
2.716331 1.305827 -8.571289
-5.017140 0.247532 -4.183960
1.672737 -0.782005 -9.871460
4.355373 -0.362007 -3.083984
-1.503776 -0.793517 -8.279663
0.859917 0.347959 -3.983643
1.208592 -0.609934 -3.503296
4.723391 0.145809 -1.978149
2.484623 -1.005034 -9.329834
4.681591 0.074640 -1.078125
0.392829 -0.890562 -13.502563
1.169636 0.056165 -9.388794
-2.836282 0.793203 -1.764160
-0.019481 0.095023 -3.831787
-2.247739 -0.135505 -6.472534
0.292573 1.300412 -9.440063
1.310825 0.720375 -10.708008
3.432935 1.024937 -2.647949
3.413171 -0.270410 -6.219116
-0.959578 0.813324 -9.883179
5.691505 0.657704 -0.664185
-4.084571 0.561911 -3.774170
-4.454355 -0.063609 -3.276978
-3.586237 -0.013260 -2.660889
2.165695 1.024226 -3.188110
1.346896 0.141746 -2.773071
0.175277 -0.881987 -11.957153
-2.403189 -0.459991 -3.120361
3.387066 1.248422 -6.651855
-2.155311 0.550450 -6.339600
0.190023 1.058095 -3.289917
-1.486988 0.294993 -3.803955
1.924422 -1.035392 -10.782959
4.045248 -0.490948 -5.376953
2.807086 0.513813 -3.200195
4.220127 -0.195730 -4.348267
5.444650 0.933512 -3.153076
-2.172373 1.027644 -5.048462
1.157283 -0.897143 -14.140137
5.042672 0.263890 -3.790771
1.078346 1.577644 -11.726318
-1.554037 0.699466 -8.108154
-3.062574 -0.352955 -1.257812
2.721321 -0.120283 -8.982910
-1.490367 -0.596671 -2.766357
3.190327 0.513219 -3.727295
2.232946 0.133991 -3.301025
4.076156 1.117050 -3.199463
1.238942 1.300053 -9.548462
4.613302 0.645184 -0.774414
6.835290 0.290706 -3.862305
3.601141 1.088680 -3.729370
-0.363505 -0.573199 -11.151123
-0.457880 -0.641459 -8.528809
-2.024102 -0.503364 -5.154785
0.649666 0.154629 -2.731567
0.869003 0.601426 -3.181885
0.645415 0.300823 -9.804688
-1.993665 0.883536 -4.221680
1.539125 0.849800 -9.113403
-1.109761 -0.780160 -7.637939
-2.070241 0.249245 -3.461426
3.226045 -0.380341 -2.633423
-1.827402 0.682892 -5.803345
2.188163 -0.433226 -3.964600
-2.030541 1.064404 -2.952515
2.950669 -0.639505 -7.205200
-0.044530 -0.357026 -8.989746
3.432099 0.131455 -4.326294
0.391972 1.079615 -11.316406
-3.030148 0.385564 -3.335938
2.086634 0.190339 -11.530151
4.969911 0.974224 -3.629639
-0.101062 0.617418 -11.249878
-2.273640 0.169981 -2.272217
1.463062 -0.763595 -2.956665
0.976387 0.889505 -10.194336
-0.206704 0.483060 -8.905029
4.984045 -0.356707 -3.130859
0.280133 0.031234 -10.810425
-1.907505 -0.494026 -7.054199
3.235161 -0.006616 -3.228271
-0.411552 1.405975 -11.798462
-0.633255 0.335191 -2.709961
1.990139 -1.282446 -13.312866
-0.533502 0.429323 -3.817993
2.520743 -0.971240 -8.045776
-0.648660 -0.828275 -9.366455
0.374314 -0.207020 -10.123291
-3.899693 -0.112445 -0.229126
-0.749191 1.117556 -3.336670
3.312853 0.950685 -7.313843
1.232647 -0.087893 -10.678955
-1.787796 0.517509 -7.578369
-0.709568 1.244937 -8.615967
3.334863 0.623044 -5.759155
-5.247678 0.242800 -5.480957
-4.947483 0.017066 -3.616821
0.246663 0.649159 -3.743042
0.350222 -0.520536 -2.651489
-1.231619 0.547745 -2.540161
-0.329579 1.343886 -10.695312
3.920049 0.863158 -5.725464
2.265840 0.585211 -3.807373
2.344160 -0.105287 -8.146484
5.003013 0.389936 -2.478516
3.566356 1.096868 -4.971802
2.125486 -0.399936 -10.120850
-0.509999 1.233566 -14.100952
-1.332611 1.083177 -3.543335
0.377277 -0.887597 -11.070923
-0.608627 -1.162242 -12.771484
2.319911 -0.536815 -2.970825
3.092106 1.033451 -3.148560
2.001720 1.691040 -14.610352
2.982715 -0.312833 -7.978394
1.642092 0.986446 -2.598267
5.994386 0.808700 -3.358520
4.354739 -0.305867 -2.078003
-1.499290 0.087043 -3.185303
4.013917 0.676315 -3.853271
5.298443 0.229577 -1.071289
2.336227 0.352160 -14.298218
2.185474 -0.633894 -8.864258
-0.653373 0.578887 -10.400879
1.864134 -0.480600 -11.404663
-3.584117 0.861304 -3.197998
-4.335559 0.426587 -0.531860
1.592593 -0.559321 -8.730469
4.175341 0.340101 -1.930420
2.139741 1.311938 -8.846436
-0.663015 -1.093631 -14.643677
2.386397 1.103302 -7.722656
4.334348 1.018476 -2.574219
-0.985248 0.774870 -9.240356
5.103358 0.325679 -0.198730
3.707255 0.362651 -2.349487
2.105662 -0.566883 -9.518066
-2.726762 0.813226 -2.655029
3.324144 0.693334 -6.358398
-3.363253 -0.375215 -3.459229
1.491653 -0.889976 -10.435913
3.425162 -0.120644 -4.935425
3.589814 -0.520384 -3.731201
-1.491966 -0.283814 -7.750610
1.897302 -0.535162 -12.875488
0.034394 -1.290389 -13.686157
-0.715713 -0.535173 -2.876221
-1.425821 1.111395 -8.526855
5.903095 -0.231594 -3.828247
-0.408577 -0.882493 -10.013306
0.659224 -0.606789 -9.842163
-1.972982 0.030633 -5.427002
-0.588294 1.424554 -13.006470
-5.275282 -0.122955 -4.565796
-1.907350 0.042574 -7.304199
1.419550 1.273179 -11.364868
1.987054 0.992038 -13.472778
-3.186753 0.740644 -2.196167
3.858824 -0.457852 -4.695557
2.198311 0.964433 -2.537964
2.064385 -0.686613 -14.116455
4.019728 -0.546103 -2.678955
2.700368 -0.637135 -3.836060
1.083151 0.355195 -11.274292
0.176512 0.452016 -2.575195
1.696579 -1.058645 -13.864746
-0.939759 0.360502 -8.039062
0.785305 -0.014836 -3.287476
-2.361560 0.968123 -3.781372
-2.932277 0.346232 -4.421753
0.455164 0.818148 -9.847656
3.687257 0.005894 -2.846558
-2.070180 -0.061763 -2.937256
4.821832 -0.500953 -1.848267
-2.942579 1.061776 -3.777466
-3.345392 0.470562 -0.613770
5.701405 -0.234268 -3.143799
-3.961413 -0.382553 -3.749756
1.258687 0.646286 -3.666016
-2.283149 -0.134090 -3.847168
-2.386152 -0.746671 -6.120361
2.714514 0.663729 -8.546753
-2.018069 0.003439 -4.673584
6.147325 0.461210 -3.810669
1.486763 -0.247489 -3.814941
0.024112 -0.303645 -3.230591
0.197692 1.573478 -13.692993
-2.709394 0.988865 -5.090820
-3.821033 -0.072978 -0.791138
1.464922 -0.261776 -3.148682
-1.307892 -0.008578 -8.796020
3.449028 -0.875230 -7.436157
-2.798410 -0.472674 -3.993286
3.914652 -0.184842 -6.057983
4.050873 0.080177 -3.266724
4.826747 -0.207566 -3.665039
-1.165011 -0.620464 -3.816284
-2.735563 0.432994 -2.262695
3.391718 -0.156727 -6.809570
0.628349 0.975641 -2.817261
2.421147 0.509586 -2.744751
0.271312 -0.686666 -9.279053
1.353036 -0.905786 -11.391968
0.683715 -0.073717 -11.223633
-0.793458 -0.913820 -8.866455
-3.178986 0.206535 -1.258667
-0.611359 -0.471705 -3.569214
1.426684 0.552682 -3.165161
3.215072 -0.172623 -3.848633
-2.373892 0.573449 -3.183960
-0.514708 0.986156 -12.209473
2.399883 -0.374444 -3.491089
-3.052440 0.024355 -2.920898
-3.619663 0.000893 -3.181152
1.335402 1.590881 -13.582153
1.864911 1.453253 -10.033936
-3.618785 0.245699 -1.605835
2.837844 0.239634 -7.885254
4.246966 -0.037457 -3.794434
3.876152 0.808394 -2.804565
-0.774183 0.949150 -3.832397
-4.163138 0.840091 -3.242798
2.529655 0.394867 -9.369507
6.674525 0.380264 -5.537354
0.498764 0.002668 -3.733154
0.748550 0.316506 -5.468140
2.139872 0.030582 -13.937622
-0.567334 -0.131756 -14.151123
1.865997 1.038014 -11.498901
4.702654 0.605475 -1.598877
-3.077191 -0.042507 -4.028076
5.297026 -0.280995 -0.865967
-0.851853 0.749883 -2.978027
4.321644 0.943094 -1.944214
-1.133124 -0.235741 -9.317261
0.040504 0.522183 -10.768066
-3.638432 0.467964 -3.519653
4.325525 -0.119791 -2.619507
-3.182832 -0.264895 -2.382324
1.727610 1.208224 -8.565674
-0.445552 -0.866552 -11.748657
-0.659976 0.988509 -13.643677
2.727597 -0.129927 -3.187866
-1.697773 0.985625 -6.774414
-0.553738 0.457856 -8.535767
1.955280 -0.106286 -8.471802
1.879019 -1.122547 -14.359253
-2.261825 0.614994 -2.689697
-1.094519 -0.553875 -8.101562
-0.678109 -0.918027 -14.167114
-0.104239 -0.318077 -10.799683
0.951197 1.760161 -14.096558
-1.511186 0.608824 -3.289062
-5.028470 -0.412981 -3.865845
2.642731 -0.733072 -7.592041
-3.467652 -0.431338 -2.963867
1.932646 1.583500 -13.125610
3.454283 -0.624368 -5.573120
1.204595 0.834216 -11.188354
1.966270 0.729686 -14.172607
-1.308238 -0.188796 -3.606567
6.449254 0.099988 -3.606934
4.509082 0.647714 -3.751465
0.974532 1.316450 -10.625366
5.931055 0.096968 -0.207764
1.646540 -0.662305 -10.978271
-1.937232 -0.631297 -2.984009
2.648074 -0.541803 -8.266479
-4.498850 0.214300 -3.697388
-0.929246 0.089738 -3.421631
3.345887 0.167230 -5.953369
-1.160860 0.061870 -7.622314
0.080866 1.290089 -10.231567
-3.557124 0.584287 -1.248657
0.764358 -0.926936 -13.826416
0.923155 -0.184944 -9.742554
-1.856952 -0.434084 -6.311157
-1.516879 0.964920 -7.615601
6.610501 -0.449376 -5.467651
-4.935867 0.683749 -3.865723
5.075900 0.295346 -1.519165
1.387713 -0.949521 -12.325439
-0.490322 0.292602 -11.364746
-0.921506 1.224655 -8.165039
0.658057 -0.902669 -10.234009
1.242365 0.461556 -9.655762
-2.766872 -0.070546 -4.955933
2.483208 1.421629 -9.178711
-0.109101 -0.881123 -10.867065
-0.440316 0.945520 -11.382080
-0.068698 1.445981 -12.799805
1.334953 -0.367487 -9.100464
1.418231 1.236529 -10.856079
-1.077004 0.575177 -3.918579
-2.419443 -0.754551 -5.623779
2.537991 -0.504143 -9.222656
1.592342 1.521889 -14.130127
2.204597 0.052921 -2.787842
-3.737228 0.754892 -0.486328
1.406304 1.571584 -12.091064
5.441681 0.243395 -3.512695
-2.527526 -0.477857 -4.464600
-2.382988 0.515829 -5.911865
0.926357 -0.499885 -11.326660
1.962747 -0.077032 -13.486572
-1.541893 0.038479 -2.575928
0.503876 0.868438 -10.326660
-0.650359 0.555637 -14.079346
0.299961 -0.396470 -11.052246
1.900037 0.475554 -3.373169
2.296882 1.177721 -9.792358
0.606313 0.830902 -10.800293
3.492467 1.060270 -5.445068
4.059886 -0.397261 -3.506470
-2.546710 -0.390170 -2.635254
-0.235246 0.316442 -13.813354
0.814781 1.143725 -9.703369
1.888926 0.769996 -10.918579
5.393132 -0.062569 -0.208740
-2.814625 -0.467360 -1.729858
0.185486 0.050167 -9.155640
1.960495 -0.818192 -10.312256
-0.245189 0.664235 -2.646851
-3.125704 0.899953 -3.311157
-3.359845 0.503772 -3.914551
0.313638 1.500689 -11.518311
1.498580 -1.192956 -13.255493
2.782829 1.029058 -7.473877
4.843391 -0.557526 -3.980469
0.966621 -0.051403 -3.745483
1.877618 -0.104373 -3.496460
-4.528091 -0.072004 -0.379639
3.936990 -0.161536 -1.815308
5.116687 0.540768 -0.770508
2.465772 1.267787 -8.165771
2.976403 0.589793 -8.161255
-5.095732 -0.122729 -5.233887
2.058758 1.656157 -14.144409
4.440711 0.595171 -2.279419
3.748283 1.018613 -4.181519
-2.475500 0.067305 -3.325562
5.168312 0.600506 -3.352905
2.013908 -0.788139 -11.828613
0.132598 0.104488 -9.704956
-1.102741 -0.919990 -9.337769
0.470315 1.368117 -14.083862
2.333171 -0.499329 -7.901733
-1.995301 -0.405930 -4.109497
4.353165 0.655432 -3.027832
-3.967466 0.053862 -3.519531
4.729108 -0.246305 -1.437256
-1.727256 0.906772 -2.616455
-1.487817 0.375178 -7.255859
0.491697 -0.204056 -2.983765
1.837791 1.269024 -10.503906
4.513376 -0.632213 -2.599243
3.732599 -0.501367 -6.479370
3.463255 0.143299 -6.464966
-0.600484 -0.181456 -13.481934
3.091595 0.997536 -3.863770
-0.227839 1.628595 -14.192627
-0.343997 -1.084204 -13.872192
1.775766 0.015524 -11.217651
1.892024 -1.235065 -12.631104
-1.976470 0.781335 -4.711060
-0.246836 -1.313245 -13.024414
4.511661 0.149940 -2.950562
2.248883 -0.912297 -13.666138
-5.310041 0.224679 -3.827759
3.976162 0.391412 -5.331177
2.091376 -0.015080 -10.368408
1.424995 -0.400659 -2.665771
2.014503 -0.835158 -13.214233
-3.306262 -0.138661 -1.581909
0.580256 0.245888 -10.538208
-1.076646 1.200880 -9.494263
1.411495 0.586699 -2.688110
2.872836 -0.495066 -2.900024
4.785204 0.821595 -2.585693
4.237796 0.167472 -1.480591
0.613997 -1.364654 -13.709106
-2.865908 -0.436687 -3.212891
2.433588 -0.583607 -9.833252
-1.241426 -0.296011 -8.449463
-2.072309 0.473938 -5.452637
-2.255859 0.525604 -3.787109
-0.219857 1.187144 -9.385864
2.732860 0.543080 -3.744629
-0.679144 1.147994 -9.059326
0.288753 -0.443017 -3.793701
-0.525464 -0.103948 -2.756348
-1.979339 0.940604 -6.145264
0.240915 -0.889832 -11.504272
0.258730 -1.229567 -13.222412
0.058116 -1.363602 -14.381348
-2.949484 0.996402 -4.344360
-2.005379 -0.036104 -6.868530
3.877292 -0.119033 -5.573853
2.174961 -0.959558 -8.399902
3.037013 0.781197 -6.997681
2.133272 -0.508347 -14.554810
-3.263195 0.989743 -2.573120
2.640712 0.722037 -7.890259
-2.359961 -0.117223 -5.988037
1.317119 -0.828914 -9.109985
-1.469006 -0.365107 -3.152466
1.313554 -1.295952 -13.875977
-0.436892 -0.069039 -3.789062
-1.732812 0.689311 -6.437378
3.803535 -0.377065 -4.101929
-1.488058 -0.719820 -7.258057
-0.087470 -0.869686 -13.305420
-4.022923 0.322079 -0.226196
-0.673714 -0.376678 -10.467041
1.029041 -0.809561 -10.469849
0.463784 0.564862 -2.944580
-0.188102 -0.878066 -9.439209
2.275693 0.097609 -3.748657
0.185477 0.930473 -9.212158
-3.624388 -0.097352 -1.893799
1.714208 0.925125 -3.060303
-0.463225 -0.193174 -11.513428
6.428298 0.156224 -4.047729
-0.589957 0.347165 -3.166504
-0.417813 0.912553 -8.573364
1.228134 -0.822842 -9.809570
-0.566883 0.745127 -3.492920
-1.080971 0.991632 -7.766357
-4.711297 -0.348517 -3.497681
2.588359 0.952316 -3.083862
-0.022879 0.610071 -3.396240
4.752364 0.233651 -0.662598
-1.994077 0.924518 -7.094971
1.818442 -0.552361 -12.145386
3.873126 0.386158 -3.002319
3.233556 -0.512930 -7.559692
1.601794 0.482396 -8.741821
-1.687424 0.683104 -3.883301
-0.983661 -0.226000 -3.091431
0.377249 1.399420 -11.015869
-0.167594 -0.839294 -10.434326
-0.345261 -0.506653 -2.571167
2.916804 0.179232 -2.920776
2.892367 -0.336067 -8.601318
1.998964 0.055222 -10.792480
-1.228307 -0.901164 -8.652344
2.111375 0.850073 -8.251465
2.851853 0.082243 -7.325562
2.239521 1.017931 -3.760864
-1.836880 0.035586 -3.821411
1.731564 1.273271 -9.097168
1.361672 -0.535749 -10.674316
5.224144 0.057900 -0.590820
-2.443868 0.765518 -5.352173
-0.952834 -0.610008 -9.711792
2.998323 0.961299 -8.409912
-1.927460 0.620384 -3.165283
3.062935 -0.665132 -8.278564
0.928029 -0.987261 -11.271362
3.254967 0.331059 -7.268555
-2.830271 -0.076021 -2.546997
-2.840462 0.565476 -1.396851
0.996656 1.313566 -10.122437
1.619639 1.477339 -14.584106
-1.719393 -0.854668 -6.878052
-2.540300 -0.509878 -3.524658
-0.788773 -0.188463 -9.570068
0.503276 0.671150 -3.399170
0.039492 -1.069507 -14.064453
0.058144 0.986093 -9.643555
3.756944 0.889140 -4.617920
0.058148 0.788468 -2.984009
-3.511526 0.050968 -0.308228
-3.407986 -0.109042 -1.050537
-0.451712 1.278695 -9.918213
3.050361 0.737527 -2.842895
2.317360 0.566274 -3.361572
4.196228 0.790721 -3.484253
1.004054 0.392727 -2.820923
3.488807 0.297149 -3.466187
0.720523 0.827135 -11.211670
-0.458721 0.583124 -13.485718
5.711216 0.544798 -3.178467
0.306846 -1.044228 -10.645020
-0.586872 0.413489 -10.788086
0.823282 -0.517580 -3.678833
-0.254473 1.074368 -11.021240
-0.534119 -0.745187 -12.813110
-2.517676 0.534615 -1.911499
1.351429 0.287377 -10.838623
3.622724 0.775125 -6.031860
-4.299222 0.443445 -3.346436
1.092673 -1.279184 -14.313354
-0.626645 -0.315183 -8.317871
-4.477113 0.746341 -3.786865
-0.065397 -1.066405 -12.471680
0.559310 0.614674 -2.497559
4.113171 0.694961 -4.737671
0.757117 1.038900 -3.214478
5.440819 0.621912 -0.327026
-0.744705 -0.894216 -10.283569
0.895864 -0.514078 -3.148560
-4.049572 -0.104545 -3.129272
3.613171 -0.515055 -2.536865
-2.781268 0.621770 -4.860962
-0.114354 1.099229 -11.599487
3.682876 -0.111534 -3.336792
-0.929334 1.297283 -9.876343
3.302229 0.853565 -3.507202
4.685094 0.101759 -2.397217
5.074905 0.762363 -2.953369
3.353322 0.473252 -4.693237
3.703848 -0.295372 -5.232056
1.855962 0.295670 -8.412964
4.889554 -0.043702 -2.870117
-2.881494 0.570631 -2.957886
2.295237 0.768560 -10.500610
-0.627435 0.970301 -10.168457
-0.141735 -1.180562 -11.901611
-0.131390 -0.446503 -11.473511
-2.013901 -0.368817 -5.562866
-3.003161 -0.577689 -3.645752
4.470114 -0.522152 -4.416504
-0.221508 0.997170 -3.416870
-1.402567 0.398495 -2.926636
-0.132827 0.537667 -3.872437
1.327592 1.029287 -3.813477
-0.713167 1.473257 -13.754272
1.857483 0.509454 -3.792603
-2.655292 0.141596 -3.814453
4.064210 0.805441 -2.341797
-1.109105 -0.520195 -2.592895
1.888874 -0.108298 -3.032837
6.173787 -0.189391 -3.495483
2.058655 1.180457 -13.921753
0.288373 -1.230327 -11.764404
6.924757 -0.042238 -4.090454
-0.091533 1.413655 -14.524292
-1.318851 0.932058 -8.902710
-2.027335 0.927302 -5.537720
3.347761 -0.672972 -6.356812
-1.657305 -0.463699 -3.857422
1.239425 0.973181 -2.717163
-2.110063 0.718996 -6.712769
5.040803 -0.108549 -1.162109
4.953826 0.028741 -3.271851
-3.602418 0.356618 -2.847168
0.788099 0.330974 -3.510498
-3.055261 -0.175843 -1.904785
6.005164 0.845992 -3.826538
0.807255 -0.053032 -5.199463
-0.463672 1.006659 -2.783447
3.995670 -0.716021 -5.038086
2.448423 0.148930 -7.799194
1.132925 1.152651 -9.182251
-3.187562 0.606974 -1.630859
1.005737 -0.024627 -2.943970
3.460938 0.307797 -3.959351
2.222853 0.785917 -13.211670
-2.924497 -0.669379 -4.327026
-1.626353 0.761492 -7.158813
0.252321 0.082997 -2.784180
-4.118742 0.043356 -0.534546
-3.564282 0.568312 -2.078613
0.146731 -1.071945 -9.305664
4.024621 0.049170 -2.397461
-0.093397 1.351989 -12.218872
-2.141576 -0.558106 -3.468872
6.624066 0.174476 -4.910156
-0.341288 -0.633898 -9.154053
0.604424 1.489712 -9.703857
2.177830 -0.721801 -12.310059
-0.521606 -0.776916 -13.540283
4.812741 0.591157 -0.406372
-0.899753 -0.733278 -8.487549
4.297258 0.864158 -4.069580
1.846122 -0.095257 -11.680176
-0.393416 0.752515 -14.325928
4.036683 1.127465 -4.862793
3.117919 0.721090 -7.675659
0.269880 0.829241 -11.026855
3.330913 -0.478583 -7.048950
-0.619898 1.089127 -10.585938
1.818768 0.129145 -2.707397
2.793873 1.352843 -7.755493
-2.308176 -0.049068 -2.606201
3.425727 0.926499 -6.887573
-2.583437 -0.137973 -1.795776
3.473633 0.137097 -5.238281
1.653699 1.252548 -9.513184
0.141148 -0.171904 -10.495239
0.493184 -0.884797 -9.558228
4.618305 -0.489939 -3.356689
3.319200 -0.647298 -2.915039
0.707206 0.594037 -10.068237
1.801005 -0.551705 -2.946167
3.587421 -0.447235 -5.906860
-1.736000 -0.249739 -2.771484
-1.657446 1.013504 -3.242188
1.541293 -0.224985 -10.924927
1.233801 0.468523 -9.258179
-1.524939 -0.319765 -8.144897
4.202413 -0.264156 -4.742554
3.658697 0.627996 -3.682251
0.538080 0.249705 -4.194336
1.735130 -0.555596 -3.774658
3.512681 0.649165 -2.800537
0.176440 -0.763945 -10.157471
3.105386 1.254107 -7.523193
-0.389940 1.388739 -10.303833
-1.417371 -0.743745 -7.896362
3.368125 -0.328290 -3.440430
3.673197 0.941341 -2.344604
4.113853 0.676380 -1.678101
0.653602 -0.073089 -4.451294
-0.725337 1.131904 -14.651489
-2.564932 -0.007677 -5.299927
-3.071538 0.294977 -2.558716
-0.489728 -0.571809 -3.208862
0.294287 -0.608129 -3.043091
-2.026517 0.159103 -6.325439
0.021706 -0.366986 -2.802734
4.697551 -0.301643 -0.966675
0.054289 1.394968 -10.781494
5.935921 0.462389 -0.350952
-0.570703 -0.777337 -12.370361
3.784030 1.238766 -5.636841
1.704736 -1.022854 -11.882568
4.690710 -0.500186 -2.216797
-2.318044 -0.427318 -4.908569
3.508495 1.037652 -6.344360
5.331271 -0.157924 -3.240967
0.931224 -1.282416 -13.958130
4.569535 0.787575 -3.371094
4.176005 0.558717 -4.281006
0.960903 1.179667 -11.459961
-0.215339 1.548407 -13.146362
-1.693365 -0.411475 -7.379639
1.529004 0.829944 -3.419189
-1.415408 0.388272 -8.459717
2.511667 -0.073200 -9.307861
4.021487 0.275845 -3.694824
3.900921 1.168020 -5.271973
-5.140197 -0.121588 -4.180054
-2.761159 0.661951 -3.500854
2.582394 -0.503272 -2.609741
4.509547 0.249043 -3.798340
4.624288 0.706890 -1.197266
1.589715 -1.197660 -11.293701
4.109651 0.066081 -2.883179
0.716987 -0.028042 -10.031372
-2.305182 1.046962 -3.361694
5.645026 -0.379574 -0.408325
6.873187 0.666724 -3.776367
3.303987 -0.047303 -2.825073
2.010109 1.427794 -12.735596
2.846808 1.336082 -8.180176
-1.469121 -0.535366 -3.525635
1.092515 0.898709 -3.392456
4.271792 0.517781 -5.072266
-0.138361 -0.224209 -3.597656
-3.560865 -0.426460 -1.628296
-1.980198 -0.180953 -5.950073
6.275651 -0.327296 -4.085571
0.607928 -0.249112 -2.554199
3.405994 0.281370 -3.002930
4.032273 -0.567168 -3.138062
-3.674072 0.216892 -1.223267
0.087906 0.273508 -11.059937
-3.654379 0.738208 -2.821533
1.124601 -0.240688 -3.428955
-1.247989 1.009913 -8.199951
5.593768 -0.009455 -3.768188
2.987501 -0.216601 -7.574585
0.249615 0.274023 -3.619873
3.461508 -0.454130 -4.676025
-1.135670 0.030169 -8.070068
1.060720 -0.382785 -10.901123
-2.293688 1.187709 -6.082764
-1.090741 0.866340 -2.701660
1.080964 1.004281 -10.824463
0.270081 1.027938 -3.663452
-0.403119 -1.050925 -11.043335
-5.228536 -0.543564 -5.436401
-2.421381 0.948184 -2.841431
-0.362735 1.689436 -12.779053
-0.644020 1.648807 -14.344604
2.165563 0.782167 -2.892334
1.399365 -0.999759 -11.024536
2.851007 0.466093 -2.663086
-2.248335 1.059465 -4.676392
-2.026274 0.393582 -6.017212
-3.334814 -0.242367 -3.814941
-2.367773 0.954192 -4.224854
-3.145039 -0.055581 -3.420166
-1.935683 -0.872120 -7.190552
-0.459485 -0.684278 -14.372681
1.728558 -0.798205 -9.480591
-2.016181 -0.037379 -5.055664
-4.251386 -0.302596 -3.490234
1.659930 1.537681 -12.866211
3.158657 0.487023 -3.339233
-2.396432 -0.487511 -5.273682
-1.946462 -0.357888 -6.670654
3.734880 1.044510 -3.344971
2.224767 1.151011 -8.515259
0.523016 -0.668852 -10.773071
1.808022 -0.869374 -8.742065
4.688086 -0.525028 -2.967529
0.869669 0.643980 -3.703369
0.010757 -0.703682 -11.238403
-3.125049 0.254494 -3.759644
-3.150471 0.739729 -3.650146
6.893638 -0.041640 -3.697144
2.602130 1.180215 -8.906372
-2.348566 -0.428835 -2.175659
1.782026 1.435932 -11.378296
-3.406417 0.363266 -2.389526
1.449486 0.198880 -11.191284
-0.938040 0.749642 -8.021118
-4.880501 0.385317 -3.598755
4.900388 0.652696 -3.808960
-0.344193 -1.126626 -14.390869
4.399741 -0.174176 -1.155273
6.521885 0.494950 -3.773804
3.157040 0.153216 -3.631714
1.244236 1.033396 -10.435669
1.917407 1.093124 -3.458618
3.390311 0.881233 -4.688477
1.734180 -0.868412 -12.564575
-1.698433 0.260389 -3.492432
-3.008327 0.746641 -4.073730
2.828111 -0.933138 -8.387451
1.706724 0.978570 -11.166992
-1.784734 -0.152640 -3.157837
-2.828853 -0.558902 -4.668823
4.322484 0.182004 -4.412476
2.313423 -0.950388 -9.654907
-2.111045 0.307485 -2.945068
-0.746690 -0.046434 -10.315552
-1.359577 -0.154333 -2.868408
-1.466199 0.338157 -8.015747
0.362673 0.222236 -9.436401
-4.648862 -0.549819 -3.991577
4.874252 0.482952 -1.988403
4.590801 -0.182369 -1.822388
2.408951 1.131236 -9.394043
-4.130080 -0.045848 -3.835205
0.359988 1.192861 -9.786255
-1.321509 -0.450802 -7.469604
0.821626 -0.930296 -9.773071
1.037464 -0.023784 -10.373169
-2.111397 0.964446 -2.607300
-0.970560 -0.284962 -3.495361
-2.720033 0.798383 -2.220703
1.223794 0.243464 -3.104614
-0.880212 0.201765 -3.768066
-0.519978 -0.439554 -10.846802
0.036315 0.423836 -2.946899
2.141334 -0.305146 -3.212280
1.141142 0.590002 -10.386230
-3.828056 0.794438 -3.463867
0.400696 -0.066888 -3.386475
4.536127 -0.053460 -3.273438
4.944045 -0.254604 -2.091064
2.748559 -0.338883 -3.628052
0.961736 0.747359 -9.854004
-1.199891 0.769553 -3.180664
-3.145146 0.350802 -0.895874
-0.019602 1.379934 -9.148193
5.921228 0.151527 -3.792236
-1.369193 0.720468 -3.707153
-0.852771 0.138736 -3.021851
-2.759783 -0.011210 -4.206055
1.650684 1.496762 -10.748169
2.278798 -1.242779 -14.383057
-3.521464 -0.283920 -2.190674
1.436929 -0.976465 -14.405518
-0.659031 -0.687361 -8.176025
2.035658 -0.804067 -9.902466
insulator direct(0 is horizontal, 1 is inclined, and 2 is vertical):
2.000000
2.000000
2.000000
insulator three point:
6.673376 0.289118 -3.768799
6.673376 0.289118 -4.668799
6.673376 0.289118 -5.418799
-5.204573 0.129701 -3.788940
-5.204573 0.129701 -4.788940
-5.204573 0.129701 -5.538940
0.702054 0.288913 -3.907153
0.668632 0.326407 -4.810571
0.755158 0.217657 -5.507031
